"","a1[2]","a2[2]","a3[2]","b1[2]","b3[2]","rmean"
"1",0.304329273581993,0.00227812814112423,0.366534607696864,1.00611594941941,0.0511885804894792,-0.00683427740159208
"2",0.307593123275303,0.00569247706341985,0.360733217630667,1.10811563076751,0.0511557144550148,0.0174752165322394
"3",0.393647701816274,0.00511226930641564,0.231806429161963,0.705833761219083,0.0660947696676936,0.0182955925420935
"4",0.397696234594909,0.00465131395716521,0.195727757899501,0.687915994689796,0.0703109636317755,0.00619534579564825
"5",0.395132026933441,0.001474966033544,0.242399528002583,0.72171158437222,0.0661074590654746,0.00406749806356174
"6",0.388205564531788,0.00762738727653338,0.329618527160585,1.14062209835487,0.0520040013715245,0.0169498477481704
"7",0.299227352360272,0.0041066730875999,0.267619099587045,1.12623667354057,0.0615441563620892,0.00719653876182337
"8",0.280538408434651,0.00897752191329261,0.237820382669373,1.38568889817533,0.0617231594363555,0.00840695154543835
"9",0.313917764622766,0.00943936543706653,0.173158481621863,0.829818607248636,0.0674022881905306,0.0161247758317357
"10",0.258108024833287,0.00688933482100724,0.180902991206435,1.11391530674821,0.0662000079180084,0.0271339258111546
"11",0.362557122515662,0.00454455003214137,0.268077482441847,0.768844286447113,0.0579532600340017,0.00841711216231342
"12",0.322121453551293,0.00321599076253015,0.216419108512036,0.762550272908024,0.0649387631052808,0.0387522715839284
"13",0.392720670602644,0.000717791568792644,0.230593029705114,0.71690993332134,0.0615135866236896,0.0170771216502692
"14",0.342095130293322,0.00251485440426134,0.200598009429475,0.633742282675141,0.0646585185193293,-0.00900677074720871
"15",0.185782910684855,0.00135440177557884,0.208695053162862,1.13591586240135,0.0612335228858866,0.0313015242544558
"16",0.251561637718692,0.00785933052108906,0.212891342372792,0.987096823148368,0.0632944595435791,0.00897141966860008
"17",0.325583612782231,0.00131279558739057,0.23243342034931,0.641791456621578,0.0633139762546261,0.0137148944076722
"18",0.277891743400491,0.0019762211283668,0.22815661088693,1.27032075543131,0.0658027563315728,0.0194472471088878
"19",0.319057626707376,0.00742198803485579,0.149186099812851,0.892396774751829,0.0717416667912296,-0.016581284136381
"20",0.224225116876754,0.00809671004276629,0.172371924875375,0.940145460164221,0.0637725749337599,0.0131808325524016
"21",0.320119502186389,0.00194213033840021,0.21947175566573,0.751956409929541,0.0639347383066972,0.0229315545005388
"22",0.362548432531786,0.00044004598075835,0.268072046469002,0.85965258409104,0.0619159733258145,0.00656508311428514
"23",0.215710588222167,0.00357102905975155,0.232286809627858,0.886854186784813,0.0612889207641281,0.0479123763640792
"24",0.243879040328266,0.00657477627142259,0.233267289334556,0.970041647574134,0.0614991333696539,0.041849894339932
"25",0.294685592187536,0.000462737283355732,0.282983112730371,0.933711308257889,0.0578857885896343,0.044165240968583
"26",0.292055100295843,0.00108546422303118,0.236824441548276,0.677154351348465,0.0605133416674239,0.0439073114829324
"27",0.239875734555994,0.000103062630265256,0.237517755081842,1.08497259572853,0.0617501441218495,0.0117241185028829
"28",0.223247017346377,0.00316691044134678,0.218384801599188,0.888504911367165,0.0647865605486856,0.0419529520677497
"29",0.29325183274383,0.00459056032394275,0.215236271706919,0.846822846445991,0.0618951520904625,0.0140934352467799
"30",0.190620886305638,0.00279080021555536,0.218729562921748,0.87132683624151,0.0596226676175541,0.0358339108612235
"31",0.220051728785689,0.0012774542756292,0.152645175460862,0.953464756617118,0.0699637655189116,-0.00940875768453805
"32",0.223155656232408,0.000266350943205968,0.137762436756898,0.89781221153328,0.0743857268425797,0.0461188402002074
"33",0.285185645793063,0.00347453294429372,0.128014468271752,0.865042090058059,0.0724490399323477,0.0374536975190658
"34",0.256311002944684,0.00393950663457754,0.11466063148932,0.680629389992266,0.0737770277234046,0.0370266944766802
"35",0.246102587054761,0.00230464756770749,0.212960680200716,1.26999399790427,0.0628628347507374,0.00424771974357618
"36",0.341374180301543,0.00789364359011577,0.186075422379953,0.58840155113336,0.0664577711967973,0.00592290448635763
"37",0.324000456149412,0.00204466186077823,0.279702772377474,1.037447380677,0.0613114107763855,0.0399941500148279
"38",0.276069905001447,0.00190323242678683,0.272334146266441,0.932853226699442,0.0573196308338132,0.0351862255086567
"39",0.190898829402953,0.004758982832222,0.232646388114594,1.02048698897747,0.0604313391278906,0.0329865413709469
"40",0.27866018400464,0.000228701427573187,0.267831012755917,0.746977989547518,0.0589324751587622,0.01738898544682
"41",0.273164253977794,0.00244089768594834,0.281182643090613,0.66360133525975,0.0559837502992226,0.0128723886080128
"42",0.296388749551375,0.00338754754266397,0.202543550181103,0.871333600495105,0.0661885150693021,0.0193812661940606
"43",0.282397537715308,0.000119981689287488,0.222835650639116,0.854950686656833,0.0632752330006686,0.024917436467413
"44",0.334200753296075,0.00251775042335553,0.174731794231682,0.766796213390224,0.069010264131472,0.0285346988021323
"45",0.298743645962979,0.0102725512743637,0.15471165514244,0.839143206414817,0.0708131694324391,0.0292287387158904
"46",0.32914149557467,0.00391114426210412,0.132279186368154,0.66415190313067,0.0743976473212735,0.0226557750921163
"47",0.2430076139299,0.0023050451322625,0.161788030860365,0.821093827074085,0.0700862416995844,0.00317212962505595
"48",0.316391349680565,0.00246545006161279,0.221541307381877,0.770286462878456,0.0637946789972101,0.0272869373794551
"49",0.444870827979331,0.00942687529320468,0.175262684704759,0.747086241193702,0.0666229756077625,0.03559595901642
"50",0.324286108973685,0.000293838932019815,0.231611192140732,0.73903832455317,0.0646008650311445,0.0262272370725649
"51",0.317531929308959,0.000162539267897693,0.174360701500469,0.679336296975097,0.0699688769647033,0.0174778179990152
"52",0.267539112395381,0.00994370412175611,0.143388205809011,0.838350938802026,0.0667731188239086,-0.0265857840614291
"53",0.296696334743158,0.00348763935439381,0.175797992806551,0.796612165796173,0.0683251420453755,0.0025148322903259
"54",0.307628184208414,0.00366946388204502,0.242688974821408,0.767403032095649,0.061197373036926,-0.0127298681206864
"55",0.312985557558978,0.000185716181116234,0.229018874317216,0.722326617283004,0.0633302516360087,0.0188203166460811
"56",0.307691358861009,0.0043141338516477,0.178240358206764,0.884874640561738,0.069566029095672,0.0132361056388995
"57",0.336637349216427,0.00807964841863023,0.135004286695531,0.704629020197212,0.0743910943536877,0.0393670052568429
"58",0.214801288437407,0.00190095069970755,0.205588505541632,0.842870789609244,0.0633582422652249,0.039859950750634
"59",0.375398478588185,0.00559615002678979,0.160322083516174,0.613152004862818,0.0725604258014875,-0.0188910895456463
"60",0.337012517303449,0.00490795564303933,0.109992546640136,0.640154196416829,0.0811695541157659,-0.0412021284238296
"61",0.287082045293404,0.00897697339970748,0.15576055541879,0.982249106911757,0.0721120215048072,0.026365871909932
"62",0.378629696081133,0.0063314511021757,0.220206536150352,0.76030214821296,0.0662171056934756,0.0196983084296013
"63",0.256920516690449,0.000297664408211782,0.212508144320941,0.766207266743903,0.0659131062405424,0.0136675961735812
"64",0.250346745511985,0.00558832605848836,0.11663191910419,0.721764908506302,0.075583845858317,0.0358984558554232
"65",0.330882822535518,0.00425492744372754,0.146347443422017,0.647850903148932,0.0739142404487542,0.0337565528059125
"66",0.253360941499802,0.000318992226278839,0.188263236721465,0.823297014397646,0.0668549824835617,0.0429239599223964
"67",0.287931579919461,0.00160843082157843,0.197141083053875,1.11118183930109,0.0684595060081152,4.36503455191889e-05
"68",0.310243221363853,0.00336985812405126,0.222988740047283,0.772452559394851,0.0624447759432055,0.0166766408720447
"69",0.317659890990315,0.00466507204390297,0.140292358996493,0.824470276199212,0.0731911050765652,0.0177447709635427
"70",0.350364479288376,0.0135494856207197,0.173110557942081,0.96609443228949,0.0672012188376828,-0.00649780155829079
"71",0.265668729417713,0.00124284751186603,0.198635590667338,0.953615452054172,0.0658532500950747,0.0142490366420945
"72",0.300498141605944,0.00636738650321223,0.17747527492024,0.741709688954113,0.0679963512571275,0.0061880980861386
"73",0.315151646834435,0.00545637874231676,0.159846999133363,0.752849155657494,0.0708870619013033,0.0117311954149077
"74",0.348269051132936,0.000501978586408293,0.149389257475453,0.626027971645178,0.0759367129635573,0.0261804158901822
"75",0.332911424967315,0.00828663078871736,0.130611190003777,0.726207279342502,0.0736190829228693,-0.000119167352400747
"76",0.326874899106512,0.0043246161195743,0.173565814748858,0.749521997709508,0.0730598293007117,0.0112978706671132
"77",0.355022263118188,0.00778864038765929,0.140434728697938,0.68811544438134,0.075683852897742,-0.00310824523696651
"78",0.386272083545243,0.00357411464249611,0.159244351142729,0.650246313399472,0.0714330555565154,0.0315428632106475
"79",0.359504832817377,0.00537164508888463,0.173294397342179,1.01891255303543,0.0679752790628188,-0.0314762157465842
"80",0.298669755107859,0.011872999516753,0.134870260217448,0.881280343884788,0.0736017564923955,0.0352407667415446
"81",0.322635159123365,0.00387267006339601,0.168520242027452,0.910972347836702,0.0710889323861913,0.0361104987958485
"82",0.212076554930422,0.00098059956776266,0.136142592767306,0.786364816528423,0.0719335233824075,0.0276221677293344
"83",0.288013402886318,0.00157346221519852,0.222286565645723,0.852448268354134,0.0651428066081188,0.0171785077621215
"84",0.202884426604826,0.00774764490534308,0.171261065218495,1.37078784091724,0.064885774053482,0.0178130526755826
"85",0.245961572271662,0.00127869910294999,0.183859813608857,0.967043789139305,0.0688660504325189,0.0285851570746323
"86",0.342616458705532,0.00303258653972908,0.192300383553307,0.703420533912136,0.0652907174365677,0.0194633473199576
"87",0.236807720816521,0.00128422445108034,0.205613962829336,1.08591585656504,0.0612270586367341,0.0175887375112011
"88",0.302177995729518,0.000157712167675434,0.210418839470152,0.800906207360284,0.0647822331811684,0.0213572073588206
"89",0.211544920154931,0.00191787559487241,0.225805856937062,1.02809806859976,0.0548913519342953,0.0273076119769235
"90",0.232657493885534,0.00116735632436093,0.212660388430364,0.830051529469054,0.0621382537417695,-0.0526888225964539
"91",0.389199132432908,0.00373566008442291,0.212869215491799,0.670578971222002,0.064646383184398,0.010932914296938
"92",0.394773052733028,0.00107857769110187,0.302143258861515,0.824041035545167,0.0606673487815936,0.0440459971904662
"93",0.369084596196108,0.00179854444666072,0.292608782970285,0.839682868324397,0.0607420925840922,-0.00811038674988318
"94",0.296220251065598,0.00105588432370072,0.243338899521226,0.821299252053107,0.060025879751135,0.0450247002091568
"95",0.186905406867705,0.000694015386538892,0.201992664997372,0.884924116094764,0.0628591935660005,0.0345044741556244
"96",0.334491250672008,0.000716680448358866,0.213607778092855,0.69980941913732,0.0656608498436008,0.0164273398026149
"97",0.248610998442497,0.00126518520177301,0.269752375894836,1.06702824672085,0.0579920313775093,0.0448793981499124
"98",0.287659721836827,0.000436169767583063,0.217816038628245,0.655174095427029,0.0625706013896104,0.0206167901859657
"99",0.241996580745375,0.00145084148406724,0.147890872009633,0.692501485868248,0.0705613760121177,0.0174692013049361
"100",0.21038993868049,0.0025744740144759,0.130495769292954,0.69273591512089,0.0738014437048418,0.0329317071493407
"101",0.26184561394473,0.00366478305054684,0.177820391475235,1.03482774649903,0.0678731515096193,0.0100774168737728
"102",0.264279454148453,0.0115094033291462,0.124290210579963,0.999002055981557,0.0786994805272921,0.026140021840317
"103",0.293936268339987,0.00652191535083459,0.11734978633587,0.806363125102695,0.078871646379683,-0.00697058275435193
"104",0.321352053825996,0.000140931970216342,0.113756199715315,0.552771758436719,0.0786825019845959,0.00585933660677026
"105",0.302712012573762,0.00535903195916931,0.171940684870511,0.787153259931629,0.0674598135147621,0.0096052753693294
"106",0.347920608874095,0.00643503976701041,0.271362347414459,0.893300947598147,0.0556169748396138,0.013797872477083
"107",0.423016219852338,0.00750052377738373,0.300238276548385,0.829319248963861,0.0601592171807549,-0.0107327910388488
"108",0.312823563910816,0.000391571027113161,0.294296077842121,0.621915935322203,0.0597668338412686,0.00940710721117365
"109",0.322146220591062,0.00328432060261061,0.314784663384184,1.1864222472791,0.0525691894754013,0.0305457994824361
"110",0.330035071382095,0.00329297769001437,0.242690583872157,0.85934980487231,0.0644921780912983,0.0111594532554271
"111",0.408075907956927,0.00173943494537189,0.175691497875364,0.591036212758892,0.0684656199713381,-0.00370542151277492
"112",0.337091245064255,0.00355355504780165,0.159149381955405,0.65519877112984,0.0686189213206072,0.00376511294573467
"113",0.392187159238646,0.00153741016087059,0.173201523641003,0.688985827918736,0.0737496307125432,0.00272849809099647
"114",0.301461125269642,0.00161984899827033,0.261443489640167,0.654806623019786,0.0618933209280422,0.0142825715049366
"115",0.275798759929168,0.00108630730557053,0.258791624019768,0.831522573437137,0.0615552551800971,0.015775137110063
"116",0.269124751402613,0.00215939188487393,0.23891830317655,0.681411312440517,0.0613193754953931,0.0289887222099608
"117",0.245542749802173,0.00170038781108762,0.26401663499353,0.841577937630205,0.0576017807213422,0.040494291305333
"118",0.357735499454589,0.000261960420979626,0.227425740717186,0.721024652781356,0.0628887164222718,0.0281875257103608
"119",0.340692584179642,0.00167615801546916,0.326563547561952,0.754363625579345,0.0557696784571189,0.0336303179981033
"120",0.373640767768288,0.000989606582984303,0.349657366450064,0.749725728973238,0.0578867556819609,0.0298677539819601
"121",0.383746921286743,0.0014784316401843,0.299885862373729,0.680153334899916,0.0556199863294063,0.0236427171469192
"122",0.313367640665758,0.00221378703370686,0.281705296858655,0.822577882884253,0.059051140697717,0.0189717658460691
"123",0.362023383997788,0.00434132795185618,0.275079792179284,1.0609538973447,0.0607764141150276,-0.0675651798168346
"124",0.292727358968943,0.00176556679441929,0.22924238130038,0.851909423703123,0.0644003490299423,0.03407401405598
"125",0.357047693275833,0.000359255958754685,0.25538946001232,0.599015529212645,0.0633121051532083,-0.00422317960166125
"126",0.456305254570392,0.0017450740079633,0.156205616249008,0.637351575933057,0.0728990185736064,-0.0149806084339886
"127",0.354844614927205,0.0114383532131726,0.194262851065898,0.825905613695325,0.0656463922891121,0.00197936242085883
"128",0.280667560022079,0.00998915236746239,0.211393060728668,1.14132926340475,0.0629459458615634,0.0172621495950872
"129",0.240623062124185,0.00925432000620104,0.225460851073162,1.12424360351631,0.0627294446959514,0.000740024172116154
"130",0.206763365575119,0.00384053413177693,0.139492216637063,0.981699837890427,0.070909638458127,0.0391229583637326
"131",0.263422297788549,0.00343730754141152,0.13171564275365,0.977636063949999,0.0725722992190172,0.0484768594473224
"132",0.354760114834044,0.000444338040176744,0.217133528798478,0.685113046451393,0.0648119407681864,0.0155294161880147
"133",0.280897054548466,0.0057466794637348,0.248966327344032,0.920498658402351,0.0605125764651302,0.0128989096673801
"134",0.344530449627344,0.00819869377303299,0.199568302046381,0.838721879883797,0.0635470443225305,0.0120039334036551
"135",0.252731810892301,0.0048237838154881,0.189937171839738,0.918772982995117,0.0690258109553729,0.0227678886721042
"136",0.330515823921043,0.00689821978046062,0.202215864438843,0.977805169669798,0.0648067343763533,0.0390994449308287
"137",0.227860894285891,0.00136579718151189,0.221327158494564,1.00777336019722,0.0647781289780553,0.0271149394392351
"138",0.274348673587462,0.00406309790578407,0.165726978874133,0.809957292717174,0.0676792898107677,0.0334086774039795
"139",0.244584823122867,0.00782049332201457,0.211885600267461,1.08611677934115,0.0628893211032765,0.0190418625014807
"140",0.259997077832639,0.000910302489570011,0.286377010361688,0.916653951515815,0.0568343138059812,0.0182223066456386
"141",0.269464174317065,0.000927163140256757,0.221127937661447,0.755097069539479,0.0619817966508158,-0.0036983084008508
"142",0.214705638795931,0.00519403939306726,0.21505814657745,1.27558102335574,0.0615925352738296,-0.066936124545784
"143",0.303227324412221,0.00668150267936881,0.243768185606552,0.786774822268082,0.0600083807021708,0.0149087050079964
"144",0.29210444287292,0.00340348791044984,0.300842293768187,1.0661246239234,0.0573078331222137,0.00866427215258085
"145",0.26557056997274,0.00339618284313992,0.264820493425343,0.965987945692017,0.0576820947649055,0.00589135052650274
"146",0.36187828028234,0.00332254696433934,0.247436218804435,0.791284381818747,0.0646674065524929,-0.0319735212278435
"147",0.322877154923632,0.00131517742196865,0.178174049688843,0.683953927578889,0.068947420850574,0.0276428830945335
"148",0.313400256480368,0.00100514712455974,0.200947224979746,0.940695064364234,0.0675888464188071,0.0116791008215229
"149",0.393374639654913,0.00220384859833361,0.245827122665493,0.729357452539667,0.065568998979863,-0.0607462582888042
"150",0.274597475173225,0.00457115494089369,0.230464101342111,0.883732717195101,0.0583414445554296,0.0207311592735249
"151",0.180562944164533,0.00257617191940146,0.163054491767078,1.11143156374466,0.070346207194798,0.042070573645059
"152",0.212742165444758,0.00525963831607199,0.124262375817052,0.934938912796562,0.0722408492872256,0.0267226118858144
"153",0.239027319323098,0.000643284514421021,0.202759285092202,0.878970138567643,0.0656630015561681,0.00894315316460298
"154",0.259031477378434,0.00914667685422138,0.118167251604117,1.01950634024551,0.0715368226314651,0.0159332450340176
"155",0.265065697480308,0.0185552726628208,0.134248846788114,1.24555887977764,0.0691282008134198,0.00555048681170637
"156",0.280999321892161,0.0085739815956005,0.1487375507701,0.904904402329695,0.070843493452616,0.0204258341079229
"157",0.272667314090328,0.00624305354731218,0.177613565206708,0.641832147518586,0.0650842955947707,0.0125043689926464
"158",0.391952792733989,0.00466147594343265,0.14465383724404,0.562027529295011,0.0708745581311596,0.00992642111251106
"159",0.30783887119924,0.00703449760852269,0.158082573063023,0.829059256079109,0.0661039941810686,0.0298187352388623
"160",0.351198783220503,0.00619220853755226,0.133872413071088,1.06974393036521,0.0691178039577722,0.0319928122178268
"161",0.2490273066436,0.00535315816843507,0.126363903543001,0.895153787281155,0.0705484961150772,0.0279767020005011
"162",0.223169748577757,0.00959849115882986,0.108008310334234,1.11202840607416,0.0797858017644153,0.0375061708388093
"163",0.230925019906095,0.00704485449874064,0.066370777865422,0.762013656598689,0.0852283067504543,0.0369482729809331
"164",0.145926637919682,0.00795560344571195,0.0855187702378155,1.47348842277588,0.0792126286906139,0.0293166116998443
"165",0.21099700876757,0.0101846683363902,0.117755785675796,1.71425607761092,0.0785855604156607,0.0176669283713858
"166",0.225176752707935,0.00677407724307482,0.0688186478500391,0.919471519078765,0.0824851414234813,0.025921528277309
"167",0.25272243393477,0.00498156040254663,0.158634433640872,0.83142276602137,0.0717700706072344,0.0117803715917164
"168",0.295520114803499,0.000944362181076833,0.204914772297338,0.687555120047632,0.0629137317176924,0.0261774216606876
"169",0.301913141284004,0.00797512597082723,0.143695005891604,1.06527636321556,0.0723641475384512,0.00216960990034209
"170",0.310232874863314,0.0154881506840899,0.126430125424117,0.873811251778087,0.0748615066613288,0.00376182798169252
"171",0.255134363422208,0.0120518988728077,0.122674502262095,1.00487455256768,0.0721845338227655,0.0341982023933429
"172",0.288549941271569,0.00408238968896261,0.169242553362656,1.02570566194836,0.0677616108875138,0.0139940621036311
"173",0.293057272092611,0.0148939720744015,0.156873944886489,1.38065115778969,0.0664314480446225,0.0455954565823761
"174",0.266364659068989,0.00581298106192108,0.238569949550818,1.14596471640887,0.0597319761329536,0.0227895562614288
"175",0.206989222430975,0.00442029153530773,0.216122465363088,0.981398386536587,0.0624330922871389,0.0235335693300065
"176",0.26420595800131,0.00046826691543958,0.223256841668397,0.692837611955018,0.0599269645864614,0.0251788052530588
"177",0.240990820421181,0.00438212575959066,0.273097412034089,1.02319549514578,0.0580433926458249,-0.0253968752161541
"178",0.219193840361219,0.000345305744409642,0.347722069471285,1.14131753216023,0.051149297022411,0.0244780115344082
"179",0.1792448005022,0.00209527810344587,0.340060545835975,1.16503651758406,0.0490185671572761,0.020642040485296
"180",0.354165076536238,0.000745892798762493,0.380771874684359,0.808907971072015,0.0527707744327747,-0.00456551666613481
"181",0.370925379200758,0.000107811971524429,0.574909040486256,0.85523250529287,0.044887953006413,-0.000840223865300971
"182",0.277878688131824,0.00160154482366302,0.43825749964709,1.03277334103435,0.0548110481319309,-0.02491049887703
"183",0.437531264552214,0.00160402172546393,0.318446420063953,0.743787851803323,0.055695492901827,-0.015861942550898
"184",0.371519310640178,0.0005529062570059,0.213492605050231,0.757892694486197,0.0672220123426586,0.0314295586913758
"185",0.378032462961081,0.00308791337199068,0.269365119886153,0.659553327596328,0.0619333248103312,-0.00341414872955321
"186",0.350091313522039,0.00726550292706235,0.279939032175188,0.904055233253378,0.0600624328134993,0.0390424693187921
"187",0.33485673132868,0.00295646807378346,0.249175527465011,0.87250549134781,0.0571488263224609,0.0315052963656987
"188",0.384450406032497,0.00496000997287176,0.197195072576222,0.761613244026244,0.0672645881689377,0.00744500244245304
"189",0.32297349073328,0.000288495987024322,0.191773915453762,0.756968171316736,0.0658956258072162,0.0308321790831841
"190",0.247125499345062,0.00854376231592652,0.273630762665372,1.15217660539542,0.0544083482442908,0.000265862006721251
"191",0.327611120963299,0.00166550904070752,0.183434034967157,0.668326009775932,0.0699415171184629,0.0252039806689776
"192",0.316139042492486,0.0123100355914685,0.184782822172168,0.977547136645721,0.0643327468063584,-0.0101754369218962
"193",0.217979922434072,0.0125086311793481,0.148124472336651,1.37255255843563,0.0706989316518023,-0.000707707245222754
"194",0.279467787972362,0.00632713201627567,0.213359583330851,0.998693017759317,0.0641703365456646,-0.0365233862128337
"195",0.321927747163789,0.00592128868978221,0.149485784874732,1.04505078307951,0.0713648967348277,0.0350249440520105
"196",0.37051010425507,0.00370478983032619,0.174378908152119,0.676589319431487,0.0663575669905827,0.0244220127000986
"197",0.172818918486711,0.00274279945465458,0.183453807925876,0.792471738441861,0.0599797846674271,0.0281797790142276
"198",0.380895741945481,0.00736102862105051,0.157604987729186,0.791649017686232,0.0714233276880114,0.0271979942872153
"199",0.261266900539185,0.00645829954802336,0.134148218279058,0.962268609576237,0.0710552161333913,0.0210936712488336
"200",0.282002936772716,0.000383638280281232,0.178552769433621,0.832754334819185,0.0701573306638183,0.0324066016844846
"201",0.230759147001936,0.000206307143935608,0.213899472517034,1.04958008629891,0.061894779490455,0.0328014383730789
"202",0.349951065287901,0.000453770596885204,0.195064696793938,0.705649714276506,0.0697307413637496,0.0274512069204202
"203",0.282051168998324,0.00011154974727047,0.203423585919982,0.92440698901292,0.0643557742847076,0.026528456697863
"204",0.275925308495302,0.00667087664261449,0.179029378319497,0.643958579713989,0.0701194282664303,0.0342159116395244
"205",0.220330211029468,0.00328360674991575,0.166531055542331,0.931659760180661,0.0665958173594273,0.0300672780074773
"206",0.322234416126412,0.00178094165405929,0.188284452282171,0.77419802759202,0.0662444834354195,0.00607586069330449
"207",0.250516659608224,0.00327450073801967,0.136400253222382,0.890071877583378,0.0713534683733663,0.0423548117209373
"208",0.26090748397644,0.0103722026026888,0.162640467108931,0.778641895422569,0.066480579599985,0.010781305898238
"209",0.18365087546617,0.00853480951588445,0.191804696253477,1.35402443169723,0.0598740506735969,0.0175454628242935
"210",0.252544275101589,0.000131612079639857,0.222961172785133,0.830510144262731,0.0598806069747128,0.0142680241462152
"211",0.288475157671592,0.00712022082604569,0.214199174834621,0.821973994424587,0.0637527107550391,0.0257969255105636
"212",0.281111648434366,0.00682150655810433,0.151322152157428,1.03794013732964,0.0687919443219837,0.0100598966505294
"213",0.169436184496432,0.0113228044485234,0.133037673789258,1.38475294690591,0.068567488060584,-0.0155675087624145
"214",0.275119292626442,0.0103630597483572,0.162540795066358,1.14993445483112,0.0659972695166721,-0.0114325090900162
"215",0.40529413098149,0.00527110281301512,0.157484392793895,0.609178129513258,0.0725589416175351,-0.011819036067773
"216",0.313155556314239,0.0097253162197976,0.108783127643516,0.994564745851923,0.0784526435093628,0.0174173046238135
"217",0.217777282760727,0.0113124902657927,0.0878534681845489,1.26477186872985,0.0811704082202322,0.0315028477266008
"218",0.237986585828239,0.00262025418073174,0.144348519632094,0.837567407917019,0.069697936273857,0.00661223190667141
"219",0.27396881403688,0.00834924391051339,0.211165917085662,0.832778833647125,0.0617021081830836,-0.00653883060188832
"220",0.372798516768518,0.00172776419632579,0.209447938182159,0.572570606999889,0.0658630762107942,0.0257586521657301
"221",0.297176542028134,0.00211197861336262,0.173925232794101,0.770584148851179,0.0685239656867738,-0.00155531661370727
"222",0.313009857557817,0.00154261037114601,0.154744778789181,0.870856865440887,0.0731480996280694,0.0161976064197229
"223",0.296649909664757,0.000673341545534273,0.184181197045103,0.803001023867877,0.0683492430923226,0.0276133947496684
"224",0.233173863017895,0.00171366823620088,0.154775911692949,0.777185985458152,0.0707032870318875,0.0277811357098523
"225",0.295777165425306,0.00206712313550609,0.254438823951773,0.951938919513722,0.061365739760823,0.00904592130519007
"226",0.267989016389828,0.00205537805117063,0.190211885422883,0.591466174571738,0.0639818147838318,0.0130370705827794
"227",0.242407520543017,0.000451647191830555,0.262502104852489,0.733149866717741,0.0592167375079038,0.0187084985756627
"228",0.383302938525762,0.000414247577287745,0.25855208319289,0.614860612234066,0.0581276742439714,0.0111803089348206
"229",0.3377751779261,0.00129848885669956,0.28436467413907,0.790683884348011,0.0607600995904202,0.000979692358999493
"230",0.248021848718837,0.000553080282352628,0.311713584279576,0.982011816907915,0.053549493719884,-0.00169278194019964
"231",0.346254252555257,0.00193688062824251,0.329124179085669,0.778692831173964,0.0547120897479486,0.00561072794504807
"232",0.206765789227665,0.00136417747731503,0.185868072246071,0.881540888626876,0.067116443337603,0.0402133120104019
"233",0.275619874297765,0.00153241633689283,0.189150669912507,0.750320738095196,0.0687534139682419,0.0205122760679517
"234",0.290526296306573,0.00756336251309984,0.145324045797252,0.716773834630533,0.0744286347024173,0.0171970922787257
"235",0.227573052583498,0.00706454570840998,0.193397695390797,1.00301317411183,0.0653039658562145,-0.0303894506065628
"236",0.276358826165913,0.00529891904182329,0.109044315767683,0.756607025127734,0.0785472016523282,-0.00602511867181909
"237",0.277667861602387,0.00324945064697737,0.190695968514941,0.827409055687659,0.0681173498505891,0.0327620145462789
"238",0.367217849895833,0.003753515592009,0.169347367615338,0.882559537494136,0.0739254366105274,0.00808062198742153
"239",0.230533875742681,0.00621842764898923,0.0951795950626823,0.627030918527217,0.0793757367559157,0.0435277608812074
"240",0.227252899541197,0.00602237510271805,0.106635407006304,0.978416246221314,0.0787081138286045,0.0189285129238751
"241",0.260295987517268,0.0135771341269462,0.126916105068905,0.993448681252494,0.0744831431287344,-0.000158745321977101
"242",0.202549559655482,0.00860451395052371,0.100259427421794,1.4044175357797,0.0789900873934063,0.0463745971997602
"243",0.194193543273642,0.00249594732396086,0.103471450644081,0.89689754472457,0.0756993321988761,-0.000924637068681525
"244",0.26290076073944,0.00612358959182851,0.0825569530231149,0.697245751698644,0.0796791892464755,-0.00654586181560374
"245",0.190740299008434,0.00586196367510867,0.130750551914729,1.15775860564506,0.0739815304709751,0.0309302585297658
"246",0.174338478337813,0.0117769147162604,0.123000014523839,1.47708324765979,0.0730252548414776,0.0321657273891356
"247",0.331002640784392,0.0105553321972075,0.198729045585638,1.18066367851356,0.0628138359866421,0.01258297429895
"248",0.23565433525228,0.0134912990379773,0.169453948426552,1.18698680223425,0.0657947198569244,0.0122746698481684
"249",0.222035443193631,0.00358083444213877,0.297476725883275,1.06645692523337,0.0564082342795904,-0.00685346134762129
"250",0.238719540711287,0.00275173146653426,0.24399767177858,0.830695276493344,0.0593743094699638,0.0281145990808012
"251",0.294323037939049,0.00243985060881148,0.253713243155901,0.763959897336759,0.0617956509881415,0.0213543184941459
"252",0.242138514989168,0.00330020981603614,0.250989468072601,0.996327162017921,0.0599790291071543,0.0283493850536039
"253",0.250605365934139,0.00266099103464412,0.186061273370919,0.95162953894981,0.064525206284824,0.0389194988717418
"254",0.2004829585384,0.00400483262002278,0.208710518537183,0.915444357712642,0.0589271109381975,0.0262143848435166
"255",0.244135054426438,0.00317417658646004,0.215244351787558,1.21165600676547,0.0590546639335169,0.019798978022482
"256",0.309381980364314,0.000696294166399777,0.355789295009448,0.968949511565149,0.0559070775511494,0.0133650054801033
"257",0.253836116093298,0.00168454691113219,0.314324605538518,1.20556415867737,0.0539382832249422,0.0202719129355435
"258",0.249891461014475,0.00275515906839091,0.279153675163674,1.07241235209884,0.05673845248503,0.0158762820567017
"259",0.20038943344834,0.0023547043905077,0.232490720323457,0.93393093389549,0.0618587788408661,-0.00947545521365987
"260",0.223932503199738,0.00140892747611323,0.250413776666428,1.32307197053001,0.0630753851096318,0.00150872721143122
"261",0.272951352986466,0.00104451068052104,0.276476500634079,0.856346417825539,0.0569121313625502,0.0224888813093106
"262",0.275690003044169,0.000226387755924675,0.314770516763826,0.752964147370195,0.0581708038805403,-0.00278669743616935
"263",0.358417168333048,0.000842833493725057,0.226308820997517,0.585961538806006,0.0630212561188025,0.0151566157171942
"264",0.308994298367063,0.000364289780633508,0.263125875535588,0.727222855942198,0.0595985530168254,0.0250094271211181
"265",0.284622794978132,0.0141157964051793,0.249842881456865,0.934888843247007,0.057438612862728,0.0211488182291347
"266",0.307028741354151,0.000668046007699003,0.298505328168655,0.949544215685019,0.0604408628774778,-0.0173281099746048
"267",0.410529694128541,0.00170583716692284,0.258682463154913,0.894381851469629,0.0594611618629609,-0.000302789843336839
"268",0.36046653650023,0.00484930820230823,0.189712770035953,0.804816666413662,0.0651797049098473,0.00385177742926143
"269",0.305492082915971,0.00032992201627927,0.215260282964981,0.68856939495666,0.0636526999483983,0.0274095655506573
"270",0.23344308443099,0.00124294069059163,0.181767124932512,0.784711551340673,0.063406278527016,0.0105267179295969
"271",0.267386864190454,0.00177912199965834,0.194910221130933,0.819849336158928,0.0643112688684865,0.00413561907985887
"272",0.33852153608055,0.0026700737710696,0.232126352132282,0.814140722047884,0.0633852969916613,0.0284672255536447
"273",0.270453510128852,0.00121476569301598,0.1974178984926,0.695224298479333,0.0660334819789651,-0.0207060951537378
"274",0.248019836996549,0.00872577886846051,0.201925356441913,1.04906476026263,0.0618960286506899,0.00138454672576862
"275",0.316944258125944,0.00378642085203874,0.189958688276837,0.724430195049501,0.0662704846059249,0.000154554396628493
"276",0.315746963076578,0.00376858018202827,0.167412177658803,0.764411268327927,0.0683631966838204,0.0323856263745801
"277",0.254994854295196,0.00866881546333928,0.12966423420456,0.730449481455757,0.0717820316907495,0.0396508472802057
"278",0.22036264307226,0.00187857561785315,0.12138271420865,1.05083277087429,0.0734563410886435,0.0239220267181291
"279",0.27353318104187,0.00170290984752187,0.131633758619156,0.797861408631522,0.0762538926959982,0.038484659370158
"280",0.31392190018519,0.000370550204582317,0.156263384018563,0.715530735269491,0.071703758553981,0.0215873776578271
"281",0.250779160149077,0.00273769577323813,0.11704480453157,0.821689032392937,0.0745384218092973,0.0224003587278702
"282",0.321296512638904,0.000775592552722626,0.138361889345152,0.787337628464339,0.0741875494904839,0.0121582551033009
"283",0.234247236593695,0.00535109688166471,0.155701065714176,1.15209100590261,0.0733188155899834,0.0486182275348731
"284",0.250942975615339,0.00792724226270761,0.244737452824234,0.922277054164814,0.0585126883727946,0.00717152597443811
"285",0.222593677321966,0.000511238049669605,0.205179085560068,0.875579697210972,0.063247806914306,0.01275349470411
"286",0.212837589938498,0.00100077473139191,0.265158001013936,1.03292033379098,0.0571367955290602,0.0192171063459411
"287",0.255858016193415,0.00125860790070969,0.21277785182384,0.723587433484409,0.0593241081923759,0.0198940643052141
"288",0.283997778519222,0.0054496152852094,0.208626805901088,0.701003216759809,0.0668629271381323,0.0221231300937612
"289",0.270848358694191,0.00078129194672333,0.165205668345382,0.835344971418707,0.0680638107917926,0.0378313918539892
"290",0.293090744674358,0.00476074999472364,0.139428994552488,0.801609359038506,0.0740235962316458,0.0211132969097134
"291",0.385135367424513,0.0122596744355172,0.148456822247893,0.763243401572012,0.0732716433372333,-0.00504055109215117
"292",0.211035161184132,0.00617428827855094,0.173027126220835,1.06400995890468,0.0634258555358476,0.0192580793379666
"293",0.282387130743,0.00397713496284812,0.1819297092862,0.834849060602028,0.0698897851738444,0.0130515437609568
"294",0.275620326077991,0.000975147135092014,0.168634656034643,0.785342612620481,0.0679579367092939,0.0256889578264636
"295",0.438762909307434,0.00106121273174414,0.150634148984595,0.780022052283273,0.0741423722009761,-0.0152791042223669
"296",0.344087751491991,0.00219222788433799,0.12997224774892,0.750423905167873,0.0764076667029072,0.00164890624992727
"297",0.272388243985333,0.00926465774466425,0.12482934024705,0.956531777393232,0.0734624919921958,0.0303948127620205
"298",0.245982975081594,0.00388203370246374,0.133602831077856,0.792713573331296,0.073063819858217,0.0221569033543282
"299",0.273588262351788,0.00514210363059712,0.225935462122105,0.893115105760454,0.061876356417146,0.032207819292852
"300",0.213419605481611,0.00172118390208588,0.282146556744408,1.03747629027308,0.0538108396573097,0.042781409579281
"301",0.192957477828931,0.00143242356878071,0.291787556575974,1.44817274200745,0.0536599994646171,0.0164085935504188
"302",0.23507228725261,0.00147711848493016,0.309440508308623,0.947086090217016,0.0515635868084429,0.0357144187346682
"303",0.339970352768982,0.00272486305849169,0.264219110245591,0.800631845300406,0.0600063650404696,0.00241924883923627
"304",0.309500920464352,0.00702161564090538,0.165562413925437,1.05163836417372,0.0721158433233832,-0.00491018162536935
"305",0.205691784428804,0.0089405065010751,0.152447292458913,1.23181633611645,0.065661742007834,0.00951370689877585
"306",0.338020270300444,0.00158658354583853,0.182014413830402,0.616042436038277,0.0713869515287177,0.0200332787805597
"307",0.31556056383619,0.00367819211176638,0.133577247069061,0.791608046181091,0.0732651652903694,0.0244807782968891
"308",0.257357723950874,0.00661842751428734,0.14309346793778,0.83003060740696,0.0697340174573056,-0.00578510310512555
"309",0.269327829703496,0.00431856221936666,0.148914567946156,0.990783248262296,0.0702452548067353,0.00337300116093948
"310",0.271231502291456,0.00611250134986994,0.131395462623227,0.820299829684146,0.0761814194548002,0.0406991553124684
"311",0.383578541554059,0.00329772985551133,0.17659773147829,0.676146053481419,0.0673079949781589,-0.0207582773855062
"312",0.320613215389814,0.00223086283299723,0.243669831720192,0.796337288347254,0.0629316443965034,-0.00609300679964734
"313",0.239438933233432,0.00199815318165216,0.180448695989937,0.917892332689413,0.0659767390719027,0.0420723362678243
"314",0.222970249129761,0.00110206163092097,0.15008192638828,1.01446473322679,0.068841822145324,0.0465342718668979
"315",0.251487179179591,0.00244808699398267,0.212275595865515,0.900945040070765,0.0633143907515526,0.0176053226930603
"316",0.2421653344993,0.00567411602747575,0.150922093933148,1.00109258774523,0.0680971419251131,0.0323453024327054
"317",0.280478491025066,0.00159875864064916,0.180741040828048,0.816181867479149,0.067357349673213,0.0109032237453302
"318",0.249049880925915,0.00129928943202344,0.11894283314219,0.799562378087051,0.076999185449452,0.0180966318197196
"319",0.287202906748462,0.00426214172764611,0.119980813373847,0.909148223983258,0.0795667941918319,0.0232427114962924
"320",0.309202423506057,0.00755405561261791,0.0844261193253847,0.655061109912001,0.0822894482783582,0.0107760807882112
"321",0.252455720552691,0.0113306680170732,0.117394095232807,0.96942155873805,0.0699196992708917,0.0280124784060691
"322",0.237242163806721,0.0119245068110621,0.142393686808909,1.7720332562663,0.066271918584564,0.0164446707103134
"323",0.213671426829021,0.00323543427585015,0.18206489538153,0.987913987646996,0.0659360966251393,0.0239763810774848
"324",0.258681819326794,0.00579028553324182,0.166687428289375,1.19467321659163,0.067039318249062,0.02623587935383
"325",0.232456760376071,0.00576927708370604,0.134266454185913,0.944050422558085,0.0712641843283912,0.0389884956270765
"326",0.308601839413534,0.0055390267218637,0.127759876851605,0.780565295323579,0.0795425474609018,0.0152011211677145
"327",0.238508492525779,0.00646531634573485,0.11304793759684,0.832430214496879,0.0737354599097989,0.048671538552349
"328",0.271673283807366,0.00703021822993724,0.12092013104176,0.864647485729743,0.0724227321868725,0.0243078146816123
"329",0.205914992948499,0.00138944716646646,0.134305079791613,0.87883204830253,0.0708858367389205,0.0441861602927716
"330",0.244900739601565,0.00508468999873049,0.114689013018307,0.883750480439493,0.072439309558674,0.0321171963471352
"331",0.271572425421872,0.00616813572288191,0.124342745544047,0.79746663867662,0.0741529536172052,0.0382817573297208
"332",0.270421051624937,0.00114832007771019,0.162156802892095,0.873010724450712,0.0689577339288227,0.0187102024157033
"333",0.248667625738813,0.00114447520552796,0.157699927980444,0.858186322730551,0.0700558452360747,0.0400835752493872
"334",0.307852192980497,0.00828907458672449,0.14251888529433,0.908705821535739,0.0679184758442566,0.0213039535270077
"335",0.231911286801657,0.00668499876459806,0.142029811681752,1.08145206954662,0.0664534590550875,0.0197902189420838
"336",0.260860741599997,0.0124961556098399,0.12587783784434,1.10805670782652,0.0720351944911484,0.0288296103557944
"337",0.521178123259341,0.00826495010178104,0.183122465681639,0.637139912018252,0.0690617182194251,0.0223150071247628
"338",0.277085600126767,0.0140658249950382,0.139335035390976,0.974260901304746,0.0681224622682638,0.0233996455964585
"339",0.398898179928508,0.00536240004063452,0.177372319256892,0.763084025147195,0.0687007666110731,0.014270002349248
"340",0.379431968824308,0.00247397333135939,0.167585541054263,0.695953688498278,0.0697064433504917,0.00635403997810804
"341",0.331455130490313,0.00686813234977555,0.187456686356629,1.04128137353241,0.0677586897179014,-0.00569539318490772
"342",0.330084407113288,0.00160548725475636,0.285590205031604,0.653166487031118,0.0604620386132872,0.0104178061125556
"343",0.347427128368127,0.00415660085251275,0.251119740697343,0.802863897645021,0.0617954044033906,0.0298741409690856
"344",0.255994071164989,0.00105074073567014,0.242911648468899,0.791178723999678,0.0603000676094687,0.0271118016868101
"345",0.276761191711132,0.0142558039518053,0.174284438493097,1.07536282437783,0.062147596797524,0.00118822208152845
"346",0.334731176478659,0.00423141723762843,0.202671946618645,0.640196071310109,0.0670137008726247,0.0129907985023846
"347",0.388630976802182,0.00042502965597486,0.17801112313212,0.665117103584247,0.0701658087341551,-0.030817190580049
"348",0.3660824264801,0.00463918413720086,0.206598821116524,0.763356561480379,0.0652731683432345,0.0161155084263965
"349",0.363617055443685,0.00245360360363904,0.216165233026114,0.847003829738812,0.06341717233733,0.00547290168778216
"350",0.306770209464296,0.000904580964493414,0.391314484127292,1.02251491933926,0.0519158671974517,-0.0164161667904424
"351",0.29869634305194,0.00103891725862434,0.257756984140837,0.634408694126679,0.0602455454824383,0.0103493397289456
"352",0.269824931716455,0.000807783836430028,0.235755643004321,1.03124688442696,0.0641845899135002,0.0335033961774676
"353",0.364612745192613,0.00198956137894504,0.207010833665666,0.744957854871576,0.0678885429525909,0.00356707382596518
"354",0.209145763183239,0.00456584924666617,0.159920879013583,0.82250304208665,0.067437518838612,0.0261841468519549
"355",0.23825879644237,0.00442041918483766,0.128391123792461,0.827884401450858,0.072913520027648,0.020493487397922
"356",0.190100692187326,0.00235892094034331,0.201494943391368,1.15088292136542,0.0610707953825985,0.00524781196641998
"357",0.265145664007873,0.0076834477844484,0.237764239196202,1.08208317910303,0.0581914828151956,0.0216931980463192
"358",0.314203724298339,0.000670901719379979,0.368006976816853,0.997229325842039,0.0501105639137208,0.0237227367343814
"359",0.342357638990883,0.00315871461125727,0.326552084700492,0.864836226325627,0.0534921693944265,-0.0172416827010774
"360",0.284627901861614,0.000336368210694144,0.196322863290254,0.676498267162817,0.0651335130906699,0.0187262941071545
"361",0.279439979302911,0.00167950315628243,0.262675888159791,0.859751815684366,0.0607696986529032,-0.0162800224581085
"362",0.252974398413664,0.000656112145247746,0.279459929079926,0.962135635117855,0.0546257253856353,0.0251450719954813
"363",0.325865227047543,0.00248454730171804,0.300827350979754,0.894415447467028,0.0580597851011131,0.0181489455552369
"364",0.376654646089225,0.00214031565776623,0.353550399944845,0.860288971388557,0.053577446345707,-0.0167857067027621
"365",0.420832294813895,0.00201288645316313,0.303034270927886,0.752626343004516,0.0597832176511364,-0.0217330438543536
"366",0.356541918553807,0.000342057530473751,0.203757160067966,0.60204249396586,0.0653168208366953,0.0295779824467579
"367",0.25682435859975,0.00138167737432653,0.199839626964574,0.97924100454102,0.0630821466411016,0.0286860067740737
"368",0.303461903827021,0.00557165988732611,0.298297110371833,0.999046872358835,0.0545958018044344,0.0170312267079644
"369",0.36021048000249,0.00276451225835781,0.252747811653836,0.738479179302568,0.06192415992803,-0.00983412820198231
"370",0.228017425076255,0.00118769590394679,0.177164972708378,0.838313603311579,0.0653935031719702,0.0321073591663613
"371",0.33839055932477,0.0125781665214331,0.163055777982908,0.701864225408169,0.0684894369896635,0.0366112387330588
"372",0.298471953033143,0.0130589395764498,0.212100477577066,0.849153000856145,0.0627146310351719,0.00660147482580435
"373",0.393775423996426,0.000414118296305866,0.192255640046639,0.737059723111725,0.0707549605222043,-0.0102976369822041
"374",0.224080737875557,0.00391540497738003,0.158760506109044,0.900431579095404,0.066783366768139,0.0160946560803527
"375",0.285464867026266,0.0019224256019679,0.155117604710401,0.646436027014976,0.0727522964465139,0.0419118518813467
"376",0.298722927362468,0.0112512969494829,0.169577154762175,0.745286474429932,0.065928840067909,0.00894619167921409
"377",0.360339111008803,0.00298799964106008,0.191389536900649,0.585451850665835,0.0689229857493597,0.0238224354047665
"378",0.333847488201414,0.000908749765511569,0.209290733051639,0.749462905336424,0.0654719324477963,0.021768627588054
"379",0.335136662644619,0.00135867691276464,0.225960565461609,0.727056665827159,0.0615206298989757,0.0230981784502172
"380",0.184630404895407,0.00162590585524393,0.21467175307941,1.42899274666586,0.0585307956329637,0.0390618760208705
"381",0.377565639105821,0.00107846749957882,0.336059848548531,0.796987199754332,0.0560208813196388,0.00931126827141987
"382",0.236051641977279,0.00455659804141321,0.224939808462075,1.01213883745711,0.0612976091378641,0.0155330892901352
"383",0.334842365968014,0.00362495201155079,0.148088394929669,0.52377975258336,0.0684466351161552,0.00540324988869176
"384",0.246194402937558,0.00184513641809676,0.255616448965868,0.703647311773576,0.0601690312616326,0.018605528510337
"385",0.254799169263483,0.00368673424996999,0.193871108033294,1.01352872442082,0.0687709733454985,0.0238066706582722
"386",0.282136848877872,0.00122776790882276,0.15024315067499,0.841996718547602,0.0733147437208334,0.0362484586380803
"387",0.276613417540372,0.00478611000255055,0.175989343560152,0.88653665934866,0.0685692611422051,0.00834799653010146
"388",0.306923153575211,0.00566172980907742,0.217359839795475,0.728842187493369,0.0614615934255945,0.0270966094013015
"389",0.283839507125045,0.00294623026781002,0.25763515753691,0.930230287515041,0.0612552309630418,0.0209939417409533
"390",0.311005528577333,0.000622674067075794,0.213058653375375,0.874844277066127,0.064383647878029,0.0132368938477685
"391",0.288786036214481,0.00223821828762862,0.223109680524748,0.729811907379957,0.0621426845127727,0.0171190933144963
"392",0.281972442898919,0.00324382005203863,0.278133206835225,0.999026714994354,0.0554289445367371,-0.000578051945302999
"393",0.354890417296813,0.00626182313085654,0.235733886825149,0.680379265796698,0.0641331239201125,0.021984687168175
"394",0.379428773658608,0.00406641676371488,0.208361515114278,0.81800781921705,0.0666420948002129,0.00789978417751518
"395",0.339420984495694,0.00690945509248973,0.176099608352708,0.814102654010203,0.0683334277149085,0.0331267098197938
"396",0.304340081248506,0.00177474164691128,0.268195036668796,0.688021011587061,0.054586522905119,0.0293956423122518
"397",0.294465255572755,0.00364434908774348,0.205122993066454,0.78613543088918,0.0680440944137306,0.0262688561770249
"398",0.303551630384736,0.00377376244825729,0.18404902319338,0.687184794937083,0.0621950264820789,0.0319346082181943
"399",0.201272669632589,0.00680254351329539,0.220571356022052,1.24839060440571,0.0620482677847934,-0.000888440276190589
"400",0.239662115329488,0.00234334604387439,0.195937517631401,0.932010837430047,0.062833854989899,0.0366927954890742
"401",0.228676594826181,0.00359130091543477,0.150531193147687,0.951915853585644,0.0746479838221821,0.0224039286988927
"402",0.322809520331611,0.0116325122438817,0.169833861856288,1.07506038430514,0.0665588365684875,0.0106695095562204
"403",0.410907031158613,0.0028448823004006,0.203231494558426,0.779423425199547,0.06906240723449,0.0130130640651614
"404",0.400935151639083,0.00477067393376366,0.216590922902432,0.840252318822878,0.0674293960327168,0.0110780830276905
"405",0.313313169259009,0.00208214582286369,0.243026835414762,0.94182277913366,0.0616294889739483,0.00415801241113462
"406",0.308043911238483,0.00368063298120873,0.214462354710514,0.704914259838086,0.0589268903395497,0.0137355904591744
"407",0.300390164757301,0.00120680926997449,0.170351434692594,0.904357844756696,0.0674320824294445,0.0489285354394752
"408",0.406988685885381,0.00309915923545769,0.221526261323176,0.575318859789898,0.0631552595277807,0.014901702371243
"409",0.337964716369363,0.00697776291572454,0.210224139228794,1.08217015714333,0.0626455407669579,0.0109493230632816
"410",0.282314337189107,0.00955296320949116,0.218444130450175,0.883333961845982,0.0617310905631899,0.0141864336486561
"411",0.257941942586142,0.000922303695901331,0.18599352455631,0.924546311795744,0.0656192490103801,0.0468331823059673
"412",0.22021102004868,0.0013302301624794,0.194655765085346,0.740360862597943,0.065810724264178,0.00459846331892498
"413",0.271325916449653,0.00101320958856932,0.257098698480767,0.65880509069308,0.0588807857776119,0.0264408021400299
"414",0.298907475609458,0.00128944425702115,0.216102226073582,0.703790381466204,0.0607175890992346,-0.0286683293136875
"415",0.240798078057204,0.00102915098049638,0.141934773660236,0.698738150747224,0.073486725210468,0.0226476163797339
"416",0.243476553463244,0.00794040733610693,0.109509238692108,0.983334571054324,0.0805477066391649,0.0276911272387815
"417",0.207948003033318,0.00715768333435355,0.140897688748326,0.949618162688674,0.0688604604809985,0.0357149023887355
"418",0.231599760565481,0.00629537301083742,0.143609836700574,0.967958895742228,0.0710537828224748,0.0243125844054158
"419",0.25644431710459,0.00121694981189934,0.188398048641578,0.862162562436373,0.0632412240704872,0.0286816795204851
"420",0.183846689086941,0.00188496756203843,0.136784272753048,0.879538074625707,0.0678307059061455,0.0378589947387041
"421",0.301355653287268,0.0047089072467333,0.152192289450375,0.855218402139389,0.0709110445158832,0.0265164878849264
"422",0.22905822953559,0.00461343464316964,0.148826855982601,1.04422173079552,0.0730581316364796,0.0222813552049489
"423",0.300389059745439,0.0114044431473023,0.0927363409712025,1.03829106031525,0.0783626448060547,0.0203983983089803
"424",0.300176107507335,0.00466682941372301,0.149966292636932,0.872439407656904,0.0669467254494948,-0.000303041644994603
"425",0.255226493084901,0.000821137119769157,0.151438268227904,0.664126812226977,0.0699426859925736,0.0331550600346771
"426",0.294326518223652,0.00229475286942259,0.13049331424542,0.59610979161382,0.0721659607318341,0.0372298401855593
"427",0.262625350274039,0.00173944649415944,0.227639721007929,0.896243204164577,0.0624599167571225,0.0393769478696744
"428",0.373103309026717,0.0037021709679435,0.290724902600081,0.680074615942385,0.0583707695383917,-0.0168061777206537
"429",0.286897081783499,0.00725695609328841,0.28724695353653,1.00685587426575,0.0533172963530361,0.0452504173316824
"430",0.246924302172388,0.00375235142684743,0.244982694090751,0.931947953437625,0.063694691100087,0.0316650533552338
"431",0.238033108768896,0.00294543607756251,0.195343977203773,0.98525355544386,0.0613924895567092,0.0243220636034299
"432",0.265379727149512,0.00331296727802192,0.245989498468286,1.09904131000819,0.0568355599883348,0.0278966405486034
"433",0.242631311661389,0.00165611935520953,0.180040872319366,0.917017225335535,0.0680150087539804,0.0250550556515056
"434",0.277987602502866,0.000546955738132279,0.186325060460296,0.780294769650996,0.0695066977666752,0.00316766058177424
"435",0.293574099463156,0.00545402878840843,0.159985826450766,0.741303822626125,0.0683638465139918,0.0139462930808399
"436",0.302482330930972,0.000557725130079447,0.223052911766467,0.668217007282982,0.0619214264937869,0.0274463719319053
"437",0.261372563106765,0.00104150141056161,0.189274247441698,0.963739818530168,0.0681084091585231,0.00948118890865047
"438",0.281615505445012,0.00639327081383788,0.176740417818952,0.941816889554139,0.0680315601297171,0.0330014982861767
"439",0.219152222711167,0.00504133459552186,0.228401356134416,1.07861163263475,0.0620370694765136,0.04463568720687
"440",0.311208362488233,0.00242574141083919,0.198730540416033,0.885017359694516,0.0661702160034585,0.0133717095440343
"441",0.241249804394938,0.00373752183482847,0.241911562720403,0.981241198195909,0.0628395000876871,0.039791202645868
"442",0.285296599579782,0.00188060855217213,0.195738789698905,0.597913261594293,0.0637160287678685,0.035061930177206
"443",0.294225969766864,0.00324318549261797,0.219159043527702,0.669021239222731,0.0633729657201305,0.0158378375048531
"444",0.260247031177118,0.0106751726527983,0.131573332149404,0.844335724279081,0.0703767788223626,0.0095598086726964
"445",0.30729991147019,0.00352083060649604,0.160864963326286,0.776098585452216,0.0686430981630644,0.014187631474748
"446",0.232361013689845,0.00240048526919636,0.264804270977992,0.90622466386597,0.0583534931930016,0.0217675882446175
"447",0.266255572608341,0.00617213654633438,0.239914823638894,0.91793757209718,0.0599050442174825,-0.00689323230715704
"448",0.271944131988946,0.00397867912984386,0.25037477123813,1.05849586512564,0.0606378688086865,0.013213580480299
"449",0.299485865621756,0.00156190626187728,0.218200517676,0.841318351558117,0.0631621111686879,0.0171571507248352
"450",0.250142243047129,0.00368107671560625,0.165575504303907,0.790567559553268,0.0651965212722391,0.0443857847160881
"451",0.228840701071882,0.00762324007946729,0.119340924996953,0.974714886577306,0.07137556484066,0.0269899287243948
"452",0.243571940099635,0.000575863790650546,0.17881902448314,0.691482659752618,0.065021515941459,0.0331892365466305
"453",0.293276041517245,0.000901778475718501,0.128246266521926,0.74630236437812,0.07422171452859,0.0132063140465947
"454",0.27707258121656,0.00484586696552397,0.168420432887835,0.887067269947816,0.0693798296025929,-0.00244880282607948
"455",0.225467902978109,0.00720988757215314,0.152222993697363,0.743395695842533,0.0695584858676561,0.0130114408538056
"456",0.265352750543801,0.00538543562498605,0.140064328894595,0.666398113034879,0.0731874897872068,0.020104288201229
"457",0.263680474668483,0.00445632011561716,0.109899540619845,0.666939516762119,0.0782285212257147,0.0394244924358273
"458",0.270685030166537,0.00655592034560425,0.10289256776556,0.813260591233783,0.0786200514725956,0.0150060378230589
"459",0.237912622186866,0.00935298664287216,0.140774412492636,1.25094678012022,0.064605574525957,0.0475181904332505
"460",0.260426648415721,0.0057223717471373,0.251079698535896,1.14742221384043,0.0547059485341658,0.0105753477599004
"461",0.320272532169934,0.000450460771835308,0.373684921805716,0.993912484625207,0.0535128112355291,0.00994095648152365
"462",0.345967868809818,0.000341559783727006,0.360919083958353,0.903902153339228,0.0522250625019242,0.0249294257902215
"463",0.341805988434973,0.000859446354396039,0.266133815886597,0.805151985370864,0.0626650053230333,0.0258983494563529
"464",0.266427452127352,0.0038034090902193,0.183591896442262,0.899375688137392,0.0678453529918547,0.0445595840055073
"465",0.269129504819828,0.00169356848549107,0.218332036504043,0.753480954792378,0.0641848301990273,-0.0107701620951421
"466",0.30261769450274,0.0141909110228341,0.21810035165227,1.02782311494582,0.0622177581553668,-0.00944023980819271
"467",0.39189622126459,0.0043700938308239,0.380415123637452,0.713803838879314,0.0525717746197954,0.00904409065517534
"468",0.256400569157663,0.00882086641636298,0.268186860856769,1.21015263700694,0.0569501230437491,0.0239322660051923
"469",0.281241143150096,0.00163724768325458,0.26533222716154,0.997282494464713,0.057566132431569,0.0202127868839831
"470",0.234988943854906,0.00145703873576459,0.214226619317347,1.15002461170976,0.0608601638867738,0.0306321787712573
"471",0.235836338345156,0.000353789137138232,0.230539510984195,0.837275176471075,0.0576738132427679,0.0168796286593656
"472",0.29485461620115,0.0033073067678844,0.25995927070961,1.1907282071466,0.0575977484341394,0.0108304556018101
"473",0.340809064065508,0.00023127257929252,0.28734004249104,0.680890766359127,0.0586217039572465,0.0082244756286086
"474",0.29230946777216,0.000206006243375295,0.280898197724202,0.929330594305672,0.0577990301865099,0.0331006144264225
"475",0.241956712075933,0.0036015137012799,0.233539596086229,0.930771276417053,0.0580119123989251,0.000675319504909188
"476",0.211345107009187,0.0010713869859779,0.207074713227253,0.94439219867247,0.0623172069197768,0.0248555824837011
"477",0.172383341210047,0.002577307947611,0.236925970066582,1.03944403074245,0.0616679032636439,0.019189824830001
"478",0.326566758688104,0.00221247326610387,0.241725565731625,0.921807216255714,0.0612670529832167,0.0311150148082021
"479",0.234888422164009,0.00270938433083475,0.196040139045387,0.707610432737826,0.0655777128304445,0.0397871327942985
"480",0.284940801631484,0.00134532840669271,0.187216524109224,0.795475731233661,0.0670790901950788,0.0137411528761212
"481",0.263955441393536,0.00117858620621932,0.206026551793452,0.661923724030675,0.0660050609280902,0.0090186445833951
"482",0.34139569114294,0.00556127676437172,0.195938042596876,0.820788586397605,0.0677632631859196,0.0102838359555196
"483",0.271669024836628,0.00194995955590256,0.224093324985713,1.0397242730491,0.0587640211622209,-5.08984636023203e-05
"484",0.332177721264026,0.00208994282665194,0.203064210044372,0.79980541621528,0.0639085780755051,-0.0427838777260124
"485",0.240968595824025,0.000801322370993967,0.241681754967451,0.812248186398506,0.0592607406972262,0.0398520978579146
"486",0.226431242076012,0.00323532912229302,0.190925339619967,1.0508726430123,0.0647191400117873,0.0326132355771666
"487",0.155667896026071,0.00156593097449778,0.0628641821165725,0.949674460342967,0.0876667366027287,0.010118801645157
"488",0.243882041899851,0.0039873612763761,0.106868692811388,0.806256096858373,0.0773403036246329,0.0296133312311239
"489",0.240178710846405,0.000935431071587839,0.162280169679269,0.841929378985865,0.0720816023131826,0.0486161066605438
"490",0.24416054818458,0.00199251653994712,0.117348076825731,0.801848866110013,0.0767362544688927,0.0272298207047272
"491",0.251880607686223,0.00569555820898296,0.0965207741821705,0.809474642844319,0.0810422685617814,0.0423264818909403
"492",0.155881025208528,0.00142333203391413,0.0947041287812097,0.932247756182017,0.078526953829826,0.039674751339224
"493",0.290950508837662,0.00843326458526608,0.109635604080862,0.635436024095841,0.072923686804687,0.0326122919869973
"494",0.288141745650731,0.00871691600864431,0.0980055153912836,0.834300142352335,0.0803155197712418,0.0381738267588461
"495",0.31845262095405,0.00539462128520839,0.105516766038178,0.744881599377696,0.0800767284414699,0.0414551411634759
"496",0.281168632099763,0.00697610722181869,0.104698095452342,0.758124676604071,0.0813402051996005,0.0422631828275986
"497",0.198391787339228,0.00889396371097136,0.102633240464833,1.4409337917567,0.0773644989239796,0.0355008822193492
"498",0.301076918890406,0.00778262572702604,0.193983997453207,0.866314582523786,0.0672196079058208,0.0125177222883185
"499",0.275361082398019,0.00513760695301331,0.167650639133564,0.996459092833904,0.0643399121441237,0.017516376948901
"500",0.243015643542189,0.0110978632633253,0.164856964937003,1.1406079453402,0.067022877443657,0.0109712310360628
"501",0.298251036513393,0.00173337473927566,0.308776855824629,0.857749381293223,0.0536988260845646,0.028896280136928
"502",0.332994202940802,0.00330475502948951,0.391992204427852,0.615460404778823,0.0504621975973885,-0.0306737457986688
"503",0.347332298675759,0.00131927423983056,0.351067608896572,1.02363320409545,0.0532660309572049,-0.0172830105023192
"504",0.307547185433902,0.00228813462350871,0.380492590814454,0.781280992484356,0.0530872717141083,0.0476690311793081
"505",0.344875634409689,0.000885130205951136,0.503075803921313,0.744901991736678,0.0463546321361406,-0.0311089953490176
"506",0.375101435266284,0.00501648884629172,0.40833692542481,1.0882733138645,0.0473264331740471,-0.000879061352104304
"507",0.301503126587428,0.000395608556343955,0.494944991970994,1.00342914582007,0.0454581240857544,0.013198527986335
"508",0.256895148280782,0.00872310736176055,0.435477718521412,1.55061303551247,0.0487056353576489,-0.00493985198788096
"509",0.381764860409876,0.00293243007368498,0.518489030406174,1.02710603411758,0.0459748148035264,-0.00145335272180156
"510",0.212170331537017,0.000468378291646475,0.36162383423361,0.943400625555621,0.0536849712235608,0.0218075128084055
"511",0.269438308845814,0.00252856520189933,0.218016197230583,1.02514970505112,0.0633495942296843,0.000798524937339489
"512",0.34427473784109,0.00303579292641413,0.229669845734288,0.686434710689319,0.0623217395797673,0.000158006176190106
"513",0.214260378845787,0.0103924852391919,0.230261500949501,1.2632412318715,0.0620194661690835,-0.00455834475536745
"514",0.342454942704555,0.00151875008916685,0.250799921306037,0.816655828273963,0.0634919238807798,-0.00334365816388253
"515",0.226878830567927,0.000503964455196306,0.200678403748465,1.10698470491328,0.0659410262470878,0.010503568291284
"516",0.290639296192929,0.00423303083063144,0.11376309068322,0.545606009936379,0.0738228916300853,0.038210413709466
"517",0.247125309439296,0.000293554071503997,0.154880705599289,0.932190490430018,0.0728346264588793,0.0360436750839317
"518",0.234057473450661,0.00738460162920558,0.144696398155307,0.864992982969206,0.0688872373815797,0.0103197365356008
"519",0.299317948820635,0.000446689612181256,0.155303370992096,0.663369522516464,0.0746655596262032,0.0201975422609504
"520",0.300458032153222,0.00860369825861675,0.0988067953615372,0.68510149764658,0.0792217149801099,0.0119826891765859
"521",0.261681115096343,0.0053232071079927,0.102564376680309,0.729170860077104,0.0772675765872796,0.0219912815715663
"522",0.311014639944863,0.000738108275752839,0.124189142908701,0.837858134841532,0.0775722461188006,0.0284912692930114
"523",0.289271913467722,0.00347126249825539,0.166112365362003,0.757903535486644,0.0723884187660922,-0.0274033009466766
"524",0.255609811697704,0.00267279193244706,0.194248582496434,0.887997013703735,0.0649629694980835,0.026097682838528
"525",0.253471713402779,0.00485891118610657,0.272708639039643,1.33649439845928,0.0566129829688303,0.00972194601279087
"526",0.284718401970381,0.00123704828526157,0.263816466857356,0.932016817260301,0.0577228593919274,-0.00116950433822771
"527",0.362168582181027,0.00070781651595189,0.254018964169099,0.694238468740673,0.059900080920946,0.0272095529400891
"528",0.31404332652494,0.000868115202187632,0.33777331752092,0.850368528466355,0.0557666002384505,0.031770844474323
"529",0.282227895583289,0.00652071109945327,0.405745449639842,1.27301753258409,0.0487296185868407,-0.056826096592253
"530",0.254062448209255,0.00065337808291073,0.446672298058097,1.15317719168329,0.0485610074308769,0.022007155316879
"531",0.191577112579715,0.00487627205585664,0.301794439003984,2.02733035143138,0.0551901463408369,0.0316247869612046
"532",0.252500959577198,0.00191237614462657,0.326588431412519,0.79681376593897,0.0526945383200535,0.00920396964944946
"533",0.183531438951741,0.00263022455305219,0.197341023680862,0.964638014363878,0.0625405012886681,0.0322677851943608
"534",0.265735377152788,0.00189039838909939,0.158485664893535,0.955466213470145,0.0705483189914295,0.0465473126054896
"535",0.245967721062186,0.00226293913774023,0.158541961111426,0.875213663996548,0.0668885598997895,0.0361069324228131
"536",0.28734082723661,0.000978992520707972,0.223194171026728,0.873593079910907,0.0616562193259457,0.0238932679205799
"537",0.231706551700867,0.00151038599205568,0.279230106126049,0.923366659292742,0.0581799898083742,0.0189463433459054
"538",0.327695357974612,0.00940786692698568,0.29310364861751,0.979142537142291,0.056434047082618,-0.0442822949893263
"539",0.243370017222975,0.000660065922985933,0.351883166648367,1.09639747204125,0.0562987595136966,0.0256323720073525
"540",0.252558733018547,0.00359890551175551,0.400410476324501,1.11373176486944,0.0527496269191835,0.018259986129697
"541",0.253683918741697,0.00245097620480781,0.468556885189307,1.98790017334774,0.0507003502718934,0.0353259047102
"542",0.306485113855764,0.00273202477323545,0.349563774877234,0.975498758882853,0.0529096951545084,0.000654222583290367
"543",0.279169853967905,0.00126640944441947,0.409988892026066,0.781215226834432,0.0506466306567162,0.0234579197918703
"544",0.297834421896754,0.000749562827964367,0.296115847504329,0.909028796764868,0.0613462778315215,0.0332541392348774
"545",0.298725084853443,0.00168672477142752,0.223827616447189,0.890920461457028,0.06271069934164,-0.0196049426000459
"546",0.313409408130181,0.00528556204038767,0.249004160225961,0.904434706230058,0.0624224233484817,0.0407157147190449
"547",0.266656968930314,0.00194412535039606,0.26698371236191,0.749088656121138,0.0592621237378627,0.0115183738261637
"548",0.293702100009923,0.00395185393373503,0.206959824576994,0.737132259824704,0.0602932057652356,0.0270412378768788
"549",0.240811728104522,0.00478450339911695,0.274268619382834,0.960094547459129,0.0575892122982635,-0.00121694912023363
"550",0.314957030056977,0.00142126715533326,0.294929373408217,0.985277937413967,0.054654888238974,0.0186701814728697
"551",0.345011332515459,0.000205447779745007,0.222433213115671,0.809832597443632,0.0657677961676396,0.00399776729301285
"552",0.294876393239847,0.00423074610429661,0.217558149512811,0.656899580790503,0.0623555468866267,0.0241760980305192
"553",0.28995867577584,0.00956894511702347,0.139831970409847,0.853196787637189,0.069602883522559,0.0369832613926941
"554",0.262366153460471,0.00378624520749267,0.108932393715172,0.773149288927582,0.0795855697134853,0.0473257924174214
"555",0.392459392701866,0.00417943559472404,0.254792589574725,0.655971760933278,0.0600064378296695,-0.0319561836529967
"556",0.31700655290775,0.00302423407780789,0.266971010849429,0.847561482053888,0.0560092159971366,0.0173084275290063
"557",0.356607236461126,0.00395671187367099,0.277779522275819,0.813197484146497,0.0594963488781673,0.0277909609389206
"558",0.295246866145608,0.000273356436609998,0.192813150951778,0.719738102568495,0.0653839687724787,0.01880564306764
"559",0.303380974781471,0.00198211039772655,0.244741906162758,1.02818159809673,0.0616650498167277,0.0381583678995386
"560",0.271703804451464,0.00108005103244557,0.278610116212821,1.01032459902074,0.0580389850363679,0.0348893763003934
"561",0.298899254039868,0.000256089278926023,0.28858403526244,0.728987439422535,0.0544009541749874,0.00694684111325587
"562",0.265182229861738,0.000868687515347996,0.322960240748959,0.980950404575406,0.0533788832377719,0.0163329446309728
"563",0.339366767850841,0.00131217999600815,0.309166618500087,0.917057926911134,0.057600129850254,0.0469772142247724
"564",0.244694667250983,0.00589226511803817,0.217465050647325,1.2023169057964,0.0615994154829724,0.00851993299774934
"565",0.338614501168189,0.000120204109917623,0.291922781645921,0.75542607281005,0.0571183619214562,0.0259274342896694
"566",0.256276892885254,0.0023694424994744,0.189015951058236,1.22401706188698,0.0688408259126667,0.0370439106408085
"567",0.247084244884295,0.00370185832495387,0.203095609746826,0.85168937107643,0.0626198959972404,-0.0274286110614544
"568",0.242026377192685,0.00315525002788316,0.204732519383209,0.829615489174652,0.0659094189433846,0.0497918613192194
"569",0.322312355791951,0.00396145340057422,0.114825624007338,0.668035720086724,0.0728211724481062,0.0363565740108881
"570",0.304479019739042,0.000530489149821303,0.147740267543567,0.728066633117758,0.0692889137125334,-0.00101064413619043
"571",0.311046770218199,0.00844051738793589,0.206053648938483,1.13520765321611,0.0647985187046583,0.0204937723269931
"572",0.299633128079616,0.0138840168797454,0.140681245626386,0.968566968741262,0.0727146669260978,-0.00045032361138401
"573",0.297065551746778,0.00246320250833042,0.148975298604636,0.774959342305043,0.0737497293296551,0.0192697548840687
"574",0.210313998544705,0.00199702159867885,0.140122063187732,0.766746006292377,0.0733856130635402,0.0423462795527138
"575",0.260795270996004,0.00331846542380941,0.143757307942118,0.740783860451976,0.0733606091860103,0.0123946053805545
"576",0.211108201388982,0.0133518337881095,0.086425239767425,0.977922031995141,0.0810473767535058,0.0147614276488824
"577",0.370889990058423,0.000383764495205632,0.228755379177338,0.762738620430489,0.0624574280847503,0.0438137230420331
"578",0.224056915243219,0.00758226980829488,0.249245956584777,1.20126112800365,0.0578135497340044,0.0185260592928088
"579",0.296427934422521,0.0047809734875174,0.170319267288891,0.835993725031364,0.0703173316933555,-0.00256198708318766
"580",0.275656561847456,0.000516582977577895,0.134904506492739,0.850310940871969,0.0743701248421348,0.0293514748750171
"581",0.24917885314038,0.00713409442825918,0.113127860647417,0.848377173944861,0.0757564645247691,0.0182270845967314
"582",0.193636806901751,0.00191180600768696,0.148111075708879,0.860605223387231,0.0679672242772842,0.0168340948759161
"583",0.213710332543562,0.00103422730160016,0.129714858038599,0.760872284762454,0.0692448355304347,0.026543661292829
"584",0.286823080957727,0.00516111605789987,0.116544366958212,0.682017717750965,0.0756769418337762,0.0310304302095853
"585",0.278168386900558,0.00199989587086563,0.126461575707543,0.7261857609168,0.074229705428712,-0.00396339829756447
"586",0.303211226554706,0.00200181737564357,0.201365734818652,0.893793922748186,0.0688157082038794,0.0297717399687727
"587",0.26916632730464,0.00137322200665986,0.151116360462096,0.767952799698543,0.0708036176839495,0.0383123686227775
"588",0.20279029819779,0.00549299744607125,0.137244693410263,1.05089873490662,0.0684544106506453,0.018725344100295
"589",0.236842500668155,0.00643595515582572,0.106452748584439,0.784061819041381,0.0776619167323839,0.0367781950385216
"590",0.237209769348973,0.000508050625161333,0.117640811761204,0.735851597155711,0.0741751431454991,0.0455863294845891
"591",0.271850288083337,0.00982869290988594,0.128679231794382,0.951921491862071,0.0750503058146497,0.00857257369679836
"592",0.279779251239921,0.00583341432044142,0.137570281053113,0.695298406359638,0.0721785908050225,0.0266194633468853
"593",0.194317772784983,0.0096691488512571,0.190934171860401,1.45157925648837,0.0623124926992257,0.0423742181678359
"594",0.199252069152185,0.00958403147850461,0.201390032602859,1.4460689677182,0.0662532863258966,0.0304423779962492
"595",0.270547134695969,0.00389551883341639,0.242231034979561,0.966914916523889,0.0606583299976688,0.0319441954163419
"596",0.319080582208669,0.00337710344872926,0.175269466886536,0.560904843476784,0.0668108920215311,0.0202360940689604
"597",0.206837211363614,0.00125845635933024,0.247657087242218,0.969759159976754,0.057367049921626,0.0297201059239054
"598",0.171316018626061,0.0154949875394006,0.154919968178274,1.73169531640236,0.0599316173866579,0.0322332894671636
"599",0.193202760694064,0.000421905475522344,0.152219752760049,0.857406859958927,0.0646956626286385,0.0386489842020313
"600",0.26111229331896,0.0105108119464231,0.189957933153015,1.17829325065408,0.0674700566145283,0.0245084090754892
"601",0.373700587405418,0.00635411597450785,0.178357087334628,0.651960265157224,0.0663852486659501,0.00597827265022392
"602",0.307038953938275,0.00661640444264089,0.144119042695488,0.87886609162099,0.069738306487075,0.0361808837419602
"603",0.319519173510093,0.0068230015831008,0.126887659488661,0.704096774275201,0.0709160515585025,0.0131832248264095
"604",0.232491038091756,0.00298051743237351,0.121819490815814,0.772012488707825,0.078560590498058,0.0300110439240811
"605",0.245673161425321,0.00152722192885047,0.23543838323712,0.725650195695821,0.0596557544807808,0.0279164432248171
"606",0.247948768701722,0.000573601743226205,0.132038686522552,0.655457845894549,0.0729897954569955,0.0293852655597806
"607",0.303497633709075,0.0153315609925098,0.0933974614550945,0.91648199605503,0.0794797893444515,0.0271967621602098
"608",0.319258412355983,0.0118877752595439,0.128390828902044,0.721444815054256,0.0746732824132694,0.0234690204197058
"609",0.300105567477342,0.00590581697571936,0.10706908119616,0.597438484668513,0.0788649800754096,0.00873757894081892
"610",0.253139304278613,0.0126177037114033,0.0880633840558138,1.06359626191856,0.0788118520133202,0.0157472573102648
"611",0.293676207360609,0.0114320854471447,0.0848063735949395,0.885553410040895,0.0829644936320622,0.0407641703059533
"612",0.23279028515879,0.0112441887172378,0.0811313090395309,1.03784307681507,0.0848585546631277,0.011355834479877
"613",0.217012593112647,0.00229206271573824,0.16740242338147,0.892426697664356,0.0694808126238937,0.0484932691744535
"614",0.245986156431018,0.00169464837542081,0.145874570813306,0.766804658184176,0.0713280791454915,0.0263545374206419
"615",0.224047340387355,0.00210580160400511,0.108692699422802,0.820102642611417,0.0796884527733594,0.0219823113386515
"616",0.149045896569626,0.00111822200432034,0.0944627332921435,0.969818189908804,0.0781147435573155,-0.0742585557983891
"617",0.188474173580487,0.00393924439339389,0.156763267114148,0.792657386174202,0.0685363110590644,-0.0221533220072673
"618",0.247425807886623,0.000791047770276201,0.242238761641328,0.883853843072997,0.0641652365963312,0.0482546883579539
"619",0.290049772603746,0.00217691943432065,0.272482347149896,0.680970027637639,0.0582158356093163,0.0478902520591329
"620",0.35437550845283,0.0016835265408126,0.271285243495292,0.85978851594013,0.0585042685275029,0.0186410473473262
"621",0.311851583183539,0.00279662795334815,0.199641046920402,0.643694260531898,0.0649794594202986,0.0239970053472134
"622",0.277978252406277,0.00177456486334817,0.23545826448889,0.731884774396721,0.0617485528952394,0.0213542643907335
"623",0.325766192545805,0.00347841122247374,0.31707036928587,0.807862880458333,0.0545690298944752,0.00164042220736896
"624",0.279394238420264,0.00993290269326604,0.309094707712673,1.65317350146237,0.056479609699963,0.0393540813322492
"625",0.258165991453905,0.00243246733199693,0.168830099684634,0.78547797173998,0.0708697536415029,0.0224831687604486
"626",0.208028465930222,0.00718426425524662,0.0851820292512697,0.904003357074916,0.0807680983507673,0.0361913996795497
"627",0.26623208369511,0.00654723549458594,0.10460552309441,0.9566115330885,0.0775119722183373,0.0375623422180009
"628",0.191803391779119,0.0108135684365476,0.0767310434378295,1.21242322467447,0.0824196710356805,0.0300094730425847
"629",0.197923461998155,0.00682278145988616,0.151341904335388,1.28252042608401,0.070724253540389,0.0176819035758535
"630",0.271708830414664,0.00699927260825348,0.110244004800152,0.983642483708908,0.0785159242656612,0.0294210766975434
"631",0.272878067107524,0.00311723427017467,0.180569990356967,1.17522040879966,0.0658818444315982,0.0358851901519502
"632",0.258127165395874,0.000748719446835008,0.201920604356579,0.79975211949194,0.0638419567784574,0.0289417304212862
"633",0.271377596369024,0.000620595168927131,0.196005631252444,0.709183619092316,0.0653319133508705,0.0458371476508043
"634",0.234398856698062,0.00269238243536776,0.257266621854279,1.03757639930756,0.0613010120852612,0.0365432867501883
"635",0.382617522861619,0.000120693886574586,0.386075447630202,0.722117293909519,0.0507910707613221,0.0200299660500935
"636",0.330114996548729,0.000390951681745867,0.400938433666573,0.845734385690247,0.0514920649039981,0.0159198804887783
"637",0.350606703778431,0.000146507884728816,0.38198815956874,0.82436042837117,0.0506749316324194,0.0272422006825245
"638",0.315169817354619,0.00209656277722747,0.302538756168596,1.26484332108413,0.0569555980838134,0.00629257626582912
"639",0.233943402958186,0.00105990918944834,0.234122423270467,1.1702787722147,0.0626366576599473,0.0309681982222257
"640",0.309120895581137,0.00209807491512842,0.21011769729058,0.829119434967295,0.0603713689201332,0.0124213212216549
"641",0.296019118399601,0.00135399172176566,0.21603885197943,0.91526104522213,0.0650096696197005,0.0339303935442737
"642",0.261878828427024,0.000350671221976101,0.183636928719515,0.770935822026249,0.0685476498676296,0.0287734475482153
"643",0.402407010884769,0.00339816041234298,0.221738660118324,0.680076813386923,0.0645902197104842,0.0218275495537319
"644",0.269755522802291,0.00048475466345644,0.143980070279934,0.78088686013925,0.074593459199668,0.00878389001789086
"645",0.255461952936614,0.000619589132271337,0.160686962710117,0.703645643524097,0.0732863680228705,0.0297972250575722
"646",0.228800197028415,0.00428770114906628,0.131108820283672,0.80492403898744,0.0688201715319909,0.0160496966684894
"647",0.246428432167716,0.00162492196906126,0.125256069195817,0.831123899272908,0.0726579973348981,0.043966148665003
"648",0.228339722874698,0.010323304315117,0.167980716610901,0.921612552764441,0.0656197510817577,0.0212328188753706
"649",0.274456121213539,0.0084950159188531,0.129515008737683,0.828682203955597,0.073188086921237,0.0318755854117998
"650",0.375450223912399,0.00346365218063513,0.163579527273705,0.673722659785918,0.0660413654539155,0.0114840573053668
"651",0.268107709315678,0.00224169017744954,0.209879597350116,0.886116529487559,0.0600938162545495,0.0349003034414253
"652",0.242743725013501,0.00986004706750326,0.156444873154257,0.904476953637956,0.066963284759069,0.0219154220234506
"653",0.242238516511902,0.0144125998535523,0.121597596888352,1.31074927994512,0.0733789395249552,0.0240422295389554
"654",0.290903003765929,0.00746266893588336,0.259468032171193,1.07064388894719,0.0622893146303177,0.00833250936473257
"655",0.279818611794041,0.00416863817598037,0.172987017009621,0.928899661123836,0.068378435901038,0.00711636159155903
"656",0.293608105123692,0.00414661333893554,0.12948260520633,0.850944429644749,0.0763605088294967,-0.0348711413350312
"657",0.29317620055778,0.00366028494069978,0.122727756348305,0.716245310015783,0.0751327792175047,0.00865535746348222
"658",0.283994135192658,0.00517125227682853,0.166650332036009,0.792475379175011,0.0695048184752216,-0.0134053229828501
"659",0.334574317029629,0.00985812830295369,0.196326448171482,0.914845348443783,0.0656482790470607,0.00119422209631041
"660",0.411620351262437,0.00614161622709767,0.228568868611661,0.884796243968161,0.0622271452263618,0.0241553685175849
"661",0.346686751173593,0.00100354571773108,0.187266953208887,0.709919278645162,0.0692043880818647,0.00307792834872356
"662",0.319609564154275,0.00655115391532944,0.232726062594961,0.839293900473204,0.0619943776379075,0.0195694635452542
"663",0.348519100445532,0.00440571174579313,0.183891156030347,0.84759445077091,0.0659893011636295,-0.00165848869367608
"664",0.285621403226001,0.00191986808847105,0.174226256855285,0.710610903350046,0.0693587863582473,0.0402344756531907
"665",0.367723123970137,0.00537644252630734,0.256329916075559,0.78601784242791,0.0587073768355694,0.019177887360276
"666",0.353695202433233,0.004782489496204,0.333082193219384,0.6133958371756,0.0536459251054997,0.00933780430909721
"667",0.360530184419164,0.00135250289404407,0.291241740303344,0.900247354823192,0.0573666793184231,-0.00349869808310124
"668",0.338051890072345,0.000407564259212944,0.29396751231803,0.772496788208981,0.0571460112387329,0.0122057333714251
"669",0.284331193730865,0.000536866141574146,0.330947034097993,0.837701937901674,0.0548686607878922,-0.0523479277990937
"670",0.290903369536324,0.000541212841998119,0.307781734596747,0.778962972293823,0.0580074821067416,0.0100872388813228
"671",0.232742129732497,0.000148320831575924,0.218649383357766,0.677564467221138,0.060183198920508,0.00984274455618846
"672",0.303121841775211,0.00774771463729788,0.226877859639918,0.867764525146765,0.0577392458756937,0.0188837708255326
"673",0.274116845852452,0.000498325254602252,0.242015821713577,0.954058901801243,0.0634328284600154,0.0223855579689633
"674",0.30580544094578,0.00770495038805955,0.167496821829175,1.08211166858808,0.0640122531250782,0.0477423104700579
"675",0.206496301193179,0.00233596130420492,0.235372696237306,1.00777635816768,0.062635501083782,0.0216689017330637
"676",0.366875319945482,0.00180210557093291,0.220567080535628,0.799753295231741,0.0628002900273414,0.0176454369931268
"677",0.305109054136073,0.00374149848269789,0.24207245007379,0.771323321499606,0.060877736333318,0.0360893825098257
"678",0.253850980713216,0.00465588176790104,0.137633275310593,1.05054373744611,0.0751341224250546,0.0485391056484693
"679",0.200281703775502,0.0074559821464195,0.104347471516399,1.15421699501761,0.0770802046668975,0.0247169882440432
"680",0.267588410660497,0.0016841294227651,0.151503299267554,0.660897550400998,0.0724668253919922,-0.0359193458259995
"681",0.276827879368696,0.00678743504079327,0.157226463826851,0.886656144498458,0.0708593908695802,0.036489098044636
"682",0.339038587970119,0.00101651587715683,0.201539462826959,0.791054134792241,0.0649024985027756,0.0317953647365609
"683",0.294444671769105,0.00061068593017827,0.166891284154426,0.770521057066527,0.0709975515538718,0.021879663868784
"684",0.332434863028973,0.00170451558473115,0.191239442177783,0.778876236398562,0.0657991481606504,0.0217851285960838
"685",0.23606328196545,0.00315406742117806,0.144343521800076,0.82010046600665,0.0739142211880077,0.0349005634417993
"686",0.285651398808087,0.0136458719638076,0.1056740637021,1.58179482474902,0.0782984794560132,-0.0109238320338665
"687",0.241282856479782,0.0127461596638219,0.0824797319983522,1.17669059199804,0.0808456129240919,0.0119258422977272
"688",0.25431364984134,0.0162328899594445,0.0802669493063268,0.874732671951691,0.0829717341006988,0.01664851374509
"689",0.270055136770489,0.0123374725664079,0.0637571432010802,0.859052798413601,0.0877828049413907,0.0107247798913336
"690",0.260907196681018,0.0108868095465672,0.0906065630318127,0.768191769340005,0.0816456137845615,0.0198656905429651
"691",0.247093427447182,0.0125409474982056,0.135884873739301,1.23275155990069,0.0734696025774306,0.0323207696101273
"692",0.25679456963545,0.00211657125067256,0.156512523184205,0.778462111980596,0.0662295068682818,0.0227141777111048
"693",0.26453554194678,0.0061572781638893,0.202517928156497,0.796849694772369,0.0633602861142629,0.0383516982800294
"694",0.260075787131217,0.00401791776272863,0.127391204476877,1.03277376323968,0.0777252223628707,-0.019028292265013
"695",0.207812703301598,0.000734237881415316,0.150757359183859,0.776735972030755,0.072742292652132,0.0497970628924104
"696",0.247379795551077,0.00660296500059695,0.0944282939059707,0.743804985557911,0.0804103912613663,0.0189254847122733
"697",0.194460611623134,0.0133056195587204,0.108351576410332,1.63569632520431,0.0751008880729707,-0.0061974016894739
"698",0.246191498789927,0.0149073966061824,0.074075762245866,1.16998587994538,0.0819581437265431,0.0385264181835277
"699",0.277555666302179,0.00410834595799713,0.160030379962733,0.875144160763792,0.0695143051373106,0.0220958538949715
"700",0.179701767215561,0.00325035420596049,0.185512903615662,1.3595954728051,0.0629650769015554,-0.0135516891089977
"701",0.269829154352627,0.00272661768603645,0.181233340879968,1.08900654287122,0.0702113657454063,0.0207057909444035
"702",0.33878300304849,0.00224899508919702,0.241727598632007,0.735078888341447,0.060912174997614,0.0307915631669462
"703",0.270694569366836,0.00224770396467668,0.197828278840152,0.642845176008427,0.061703751631007,0.0171399368844927
"704",0.315463574433101,0.000358746601779055,0.227276596866508,0.685745569800918,0.0582659393569382,0.0274766429171363
"705",0.273729949784622,0.000604270702813395,0.189026490019591,0.71759701452298,0.0663844048770152,0.0161487545681148
"706",0.293308520114196,0.00256981269704543,0.253463014750506,0.694737463629945,0.0637454799282362,0.00339361923001979
"707",0.256629654278018,0.00128737527570761,0.248858519675547,0.769302375606251,0.0585629665305745,0.0408584660993664
"708",0.191631937948093,0.0014821640416254,0.25018349895971,1.01604255199628,0.0558743797462678,0.0424883845880402
"709",0.268771262019371,0.00319079400330189,0.243344026909906,0.813401027332359,0.0602690207301408,0.0206960619060644
"710",0.205604142355906,0.00418465435676042,0.18452898026713,1.20791080276107,0.0662750860974446,0.0387044597701706
"711",0.199378619265324,0.00100276591397341,0.210389715616756,0.939449308687008,0.0631456803281576,0.0241566297386053
"712",0.288050529891064,0.00516306991662806,0.179985091599436,0.790898741084311,0.0691397860348313,-0.0314234833934718
"713",0.289524007905224,0.00147357054101847,0.191567782498231,0.724363792508679,0.0641898778937845,0.0241056388007552
"714",0.273216705456137,0.000691631126109626,0.209007929410698,0.578336115759563,0.0595692940757203,0.0371954100405213
"715",0.313620370261633,0.000377041580009577,0.294646252952687,0.972801538593179,0.05952430449829,0.00519975299348099
"716",0.43882593182746,0.00670517677358751,0.257139118302948,0.832001512224094,0.0616495200130739,0.0157260226953526
"717",0.356045881238755,0.000198678723054673,0.316070078928805,0.83605777004664,0.0563999275051115,0.0299818318030027
"718",0.433666805782168,0.00222320178558864,0.356553144714504,0.873269765073908,0.0531244934137104,-0.0133450997321126
"719",0.361049296446494,0.00987719397853157,0.312479673280748,0.84830839150499,0.0562004100318091,-0.0101058880758717
"720",0.309003585595924,0.00144416710702032,0.30814980804987,0.878695929110244,0.0554044969922227,0.0128935925387527
"721",0.264439261645633,0.00551553540164892,0.232456512895146,1.06399760196405,0.0623600303312673,0.0211542379284869
"722",0.230410565753504,0.00346424710236645,0.272003836354796,0.942517589061792,0.0556903118020457,0.0215153690440758
"723",0.354274405318658,0.00304050499230908,0.28012357978559,0.758541107487136,0.0618019688496005,0.0153070058108807
"724",0.333589411613218,0.00662597046258337,0.169230508451483,0.935623606890527,0.0699006575748869,0.0459167921668469
"725",0.277942507467592,0.00281495187796702,0.198784776502979,0.884673493248401,0.0656381160791116,0.0296511185823845
"726",0.193648941382359,0.00450326419799319,0.22736789851894,1.48576848747229,0.0585997812353017,0.0343653591300442
"727",0.237041740734697,0.0118206654049482,0.151802205436362,0.908235527422987,0.0648448478377104,0.026590220342819
"728",0.27379016512977,0.00156785766351104,0.212360877630965,0.950847138559338,0.0656077464685191,-0.0211732616345762
"729",0.272450816594595,0.000870258618920624,0.297657335791475,0.760652580195636,0.0541829755848477,-0.0187509595556853
"730",0.25961001292664,0.00485200727925602,0.266779628855712,0.949719324513658,0.0600123857875661,0.0284682669041729
"731",0.213768491656309,0.011241905708204,0.157457144631525,1.109614506349,0.0675301316744585,0.0159859238214081
"732",0.303653146938284,0.00772824135935568,0.203886405205338,0.789356445593359,0.0638947452876025,0.0323930538566264
"733",0.352576732920758,0.000661489825877327,0.282707265003194,0.925956009356379,0.0597487885961023,0.0191930760148106
"734",0.280929222250535,0.000905739226090523,0.21792841574463,0.914431182739235,0.0637434532293507,0.0290788317615847
"735",0.356528008108461,0.000646201451591177,0.15334107472447,0.658817107500805,0.0708933293223578,0.0283701344815084
"736",0.320851094149891,0.000609805905381746,0.178091928275809,0.703243259665085,0.0694983170980522,0.00965969933319104
"737",0.428180980697831,0.000933086708669607,0.215469967257852,0.507561049503084,0.0634178808175713,-0.0206626537152205
"738",0.269966467610394,0.000422722966234466,0.240354445642383,0.69208897948152,0.062159178772952,0.030325648613485
"739",0.235981773798866,0.00320706432749094,0.237523138535166,0.859752134293167,0.0578046721189245,-0.000679599273297304
"740",0.243634376954368,0.00246766708996223,0.163692858192208,0.91245491544395,0.0702150963130948,0.0349563425369524
"741",0.255945938937178,0.00311736372118174,0.144088041049969,0.775083563540108,0.0718217768956279,0.0300272579493695
"742",0.261032925968529,0.00895744748843995,0.150710828905211,1.29256861425303,0.0686205608366987,0.00927790653026933
"743",0.251655667479075,0.00201224625703367,0.145513093155167,0.792209422208637,0.0725796732376232,0.0204730484896955
"744",0.223286959489705,0.00286010725831699,0.192312969198058,1.0187421729499,0.0679735180200464,0.0096988107566655
"745",0.233995137527132,0.00619857697181528,0.19006440534471,0.802343140610353,0.0649046599198371,0.0463153378612162
"746",0.327182297368914,0.000516409849716296,0.190747378263459,0.781414664229863,0.0667098625669554,0.0332063621129416
"747",0.27885222475225,0.00652905940120955,0.18768159969143,0.809197067855811,0.0688986562223017,-0.00247461885697473
"748",0.255735843639338,0.00100223823400345,0.206489665264093,0.718175845621764,0.0630845911771223,0.0390912420572904
"749",0.305338493448244,0.00283479021566803,0.175061698071874,0.68734822190247,0.0684899449759458,0.00712616069028549
"750",0.34603555470616,0.00317967952463526,0.124308066052858,0.823354301440694,0.078475673059233,0.011163658890209
"751",0.274272828634063,0.00765645429528601,0.167256790240091,0.677887113875378,0.0674812124013115,-0.00190429194881946
"752",0.360655248059745,0.00762060313411712,0.15434640195404,0.621865955465394,0.0720930844106992,0.0150466844843139
"753",0.346015066162002,0.00691358985729681,0.186535268052379,0.818301211134951,0.0647659969412368,0.0110383673008405
"754",0.283022775821617,0.00202632728429188,0.187920540190054,0.779383130418332,0.0650148820228694,0.0270468437105002
"755",0.393484701187743,0.00958023222903454,0.180278380310576,0.829904319150923,0.0677503530751475,0.0114394593079456
"756",0.277999998444809,0.0102178305251495,0.15604484821209,0.831854278501794,0.0667274132557516,0.0368485895525646
"757",0.3623028968347,0.0104070733182968,0.135808261266066,0.701568870251262,0.0720554771602159,-0.00745428753552128
"758",0.347355334166564,0.00941070976916099,0.14611103645012,0.665576340748974,0.0711900675483334,-0.0070399787990559
"759",0.368461925070435,0.000159053973010773,0.203195099892081,0.748174304657294,0.0685974633527157,0.0447934765323371
"760",0.295301899053971,0.00374509699661509,0.158552413266681,0.747233896816274,0.0709317480538309,0.0356138043916216
"761",0.190755539581707,0.00276289728611567,0.123675584020251,0.632690209137128,0.0743199433401865,0.0322551673729031
"762",0.272169723320569,0.000848234362761379,0.113768474525118,0.668861619296135,0.0791300763472239,0.0297401986785396
"763",0.185970558871713,0.00495565425006184,0.0661443613171894,0.798844212798254,0.0881609365849896,0.0477784760864817
"764",0.24903582526816,0.00778939033378532,0.0903885392122247,0.89917383337793,0.0777254723696398,0.0228159344719519
"765",0.262665553218822,0.0034728276347225,0.1039225278967,0.824507588708807,0.0779636554048979,0.0313659827823727
"766",0.280007810651863,0.00228953590540117,0.104791137441149,0.619643298265775,0.0780098933835148,0.0479550521151318
"767",0.255971523345768,0.00202601911311665,0.142229497524976,0.869371716902655,0.0738996526645201,0.0443347904074952
"768",0.255869732571691,0.00781215539938837,0.0850693788352558,0.851677697576838,0.084372305098578,0.0290853919767742
"769",0.187137078382857,0.00256181156822103,0.0893016844578033,0.873052852231489,0.0821316119202744,0.0410262306924318
"770",0.222721029141563,0.00880830988978504,0.10255160336842,0.791900690137399,0.0801792760591147,0.0100240753974126
"771",0.388173304381448,0.000757487944712771,0.216764048826591,0.558542854839241,0.0644152430242239,0.0350268435787573
"772",0.308014912808439,0.00518634356948601,0.227988263077361,0.723810964455603,0.0583101518047541,0.0105865197419474
"773",0.297302236450432,0.000853007209224359,0.211283707497038,0.935658620863606,0.0628059459269342,0.0237580490270946
"774",0.214244683329294,0.00453748751053857,0.147912242290527,0.734603818598742,0.0677528723392372,0.0309239009868177
"775",0.22415890001446,0.0071804119288756,0.127658629458685,0.848356419257195,0.0720053742031476,0.0207831840974358
"776",0.273757815459929,0.00362757048058566,0.122392814033254,0.918524419299738,0.0752223424817671,0.019301103569518
"777",0.226326066890943,0.00132795727375722,0.120182897144023,0.692863540914069,0.0738167959566849,0.0243276611353825
"778",0.304566362119423,0.00183316123107919,0.148055495800704,0.64375256034611,0.0707423878579123,0.0371196117747018
"779",0.2528551372504,0.00149100711896276,0.15407241301975,0.710560145979577,0.0697402413456665,0.0152866378044836
"780",0.275338043452419,0.0036674394682973,0.15425380280174,0.942226831249363,0.0711152041823377,-0.0151850779173426
"781",0.290831418170878,0.00408461827728663,0.218577802981741,0.841873165706124,0.0678519406192574,-0.00601406928008628
"782",0.353679669832291,0.00240103506950888,0.207090375249281,0.703558944189876,0.0669416927475774,0.015365351709186
"783",0.360844773111271,0.00297780612302127,0.19019373703626,0.815134070568861,0.0678035964366343,-0.0462052520381533
"784",0.383343429931122,0.00363610391680078,0.135815831152426,0.655800395808975,0.0746206842578818,0.00983011925941083
"785",0.251775882128303,0.00254271838731102,0.119681446453303,0.699337011802938,0.0738738343556319,0.0365204541022927
"786",0.260665340029002,0.00726579353113776,0.117654480376333,1.0521914928541,0.0727563633930373,0.0221222393771175
"787",0.316365866884429,0.00165334545179513,0.17603379708651,0.640932677922182,0.069945754908292,-0.000361161338986993
"788",0.368602895891435,0.00217468763606563,0.165074963015023,0.671070829516182,0.0674619152883496,0.00735486370895114
"789",0.305973016979152,0.00192732875790703,0.17327601374068,0.827001149077704,0.0659022637043697,-0.00974464619173075
"790",0.320181504972644,0.00105273454202489,0.218302013163703,0.883914757516514,0.0640155746837222,0.0114388611447877
"791",0.318551033712286,0.00152422442324859,0.206296063269582,0.774724064485787,0.0658457595819197,0.00373356125608237
"792",0.305592520406342,0.00180302488756711,0.247657212268202,0.828031327334328,0.0604092163268483,0.0350916594996145
"793",0.275425003053224,0.00265385201629265,0.278159286761513,0.951780143481451,0.0560519521031228,0.0205943787974023
"794",0.35108282231802,0.00127508730377873,0.275991316275671,1.01149797890345,0.0571711044576732,0.0116457204940386
"795",0.273402446962441,0.00614789787925858,0.193156976196311,0.841990163265631,0.0570144540474011,0.0200259211747881
"796",0.348264569527802,0.00557211896593744,0.198891816033879,0.666617459190999,0.0662273697123696,0.0294883249668257
"797",0.287656092429511,0.000419560455732916,0.261187682579019,0.774157668235002,0.0586685795280696,0.00626408063742567
"798",0.345150617560275,0.00635914723057429,0.23413255523538,0.780117214098581,0.0657086680237274,0.0111784170450869
"799",0.259758224144461,0.00958717911657204,0.18796106489899,0.880192569367968,0.0653089000911221,0.0111830975110225
"800",0.342641344092357,0.000622400624841452,0.204170810724189,0.832484752288339,0.0664526080991888,0.0109134772813932
"801",0.354963207324902,0.00328524465142069,0.199868658554783,0.668759307446082,0.0660547122661803,-0.00203270075733668
"802",0.31596500248299,0.00375055926161178,0.180469772563865,0.74886035725182,0.0680606050905489,0.0231509138940004
"803",0.263718222488177,0.000273511525078269,0.310244658404003,1.21311180419701,0.0551114278043175,0.00363885355498579
"804",0.208245143296558,0.00354114411432502,0.361140500067553,1.26209602906173,0.047714915585061,0.0238706063502392
"805",0.385646737376054,0.00547614908417181,0.347748089093888,0.98374235301096,0.0570139643042456,0.0188288687009185
"806",0.327092812805271,0.00178628144173212,0.249349671982188,0.632315470314246,0.0631735618719661,0.0141475705958568
"807",0.309623277138175,0.00341579320755153,0.221077538112119,0.804765379763232,0.0621161530638994,0.0328663171066448
"808",0.333191835940853,0.000721045060656005,0.211817629009122,0.660634499596696,0.062767948679998,0.0377941249348068
"809",0.263600526448295,0.00354064228754175,0.149161388944742,0.772803831631784,0.0690067550548918,0.0170402845336561
"810",0.179512294661116,0.00121667857582411,0.127766020603402,0.873410387494065,0.0670514733812437,0.00830362425743261
"811",0.267907798111141,0.00692681245994854,0.142747516378124,0.951355661528523,0.0701052848252596,-0.00132825530309376
"812",0.358941430768769,0.000802889356283533,0.188509328046031,0.666328360766943,0.0679779573633512,0.00828409050334811
"813",0.364203247494642,0.00496573427634371,0.201889976723384,0.764727534601388,0.0700293659789468,-0.000385901656669164
"814",0.365921769218847,0.000839538286239492,0.21616978752523,0.661417593550815,0.0664706187096275,-0.0237533961646514
"815",0.288911156286192,0.00033736730745432,0.196333880129044,0.869367604921873,0.0639927371011272,0.0489047354161656
"816",0.29665772652945,0.00338893240497967,0.142400829581918,0.818174123777049,0.0749003357068777,0.00330555217756379
"817",0.167860602158065,0.00509030804723675,0.145137337133463,1.19062493032359,0.0723254361577533,0.036176890773764
"818",0.161407912809077,0.00911237463239965,0.12582064151323,1.17691239556554,0.0689555723245293,0.0170293384580559
"819",0.287802386935248,0.000188360471227972,0.18989135422118,0.663327780501572,0.0659788296649308,0.033254511229205
"820",0.315752302530083,0.0128064564502381,0.129607143123275,0.790366447222945,0.0721401965095505,0.00477625476567075
"821",0.284355285479729,0.00795020659911483,0.160610424230145,1.24667384663266,0.0703918947016592,0.015344210298749
"822",0.346870581544979,0.00510118861077519,0.162737295744839,0.773649804957771,0.0702320888391221,-0.0227622151988085
"823",0.439937243885668,0.00172877332710645,0.23919500951786,0.729240356884283,0.061048796522595,0.0273390511073424
"824",0.241925064382705,0.00244635410911269,0.223686622545035,0.906973414322201,0.0647101876983897,0.0236598571994631
"825",0.276981645883004,0.00402818588749715,0.12389749174722,0.812879399833512,0.0768906930784485,-0.0130038542310989
"826",0.213102128917608,0.00814141747833372,0.128704543274667,1.42183425101295,0.0702613204332029,0.0487078326383137
"827",0.188664073267416,0.000570147052918055,0.134214229356727,0.864321345190668,0.0734334049704735,0.0409072490173029
"828",0.258849119402852,0.00931860761441255,0.226557467477261,0.960393241947718,0.0558171905400511,0.00584130684922034
"829",0.323671360342801,0.00393063114342922,0.216055794944872,0.930623202214579,0.0632339433947691,0.0182445437103284
"830",0.322344296153833,0.00151333783890972,0.153845849634553,0.674321323500821,0.0709976008670932,0.0233285210494212
"831",0.237119682468475,0.0067964532613075,0.154744194431665,0.85966645357283,0.0677695397376721,0.0292214052075427
"832",0.27173099264857,0.00421211184486373,0.194697318159374,0.854035920318558,0.0666193625765894,0.0266285134328582
"833",0.258267878931445,0.0114994579280085,0.148763306728676,0.933654948061411,0.0637628204363135,0.00604993071734428
"834",0.307091028302124,0.00225095389013818,0.245273835354238,0.856752619147087,0.0638885791274456,0.00820201265622085
"835",0.301457828103536,0.000609424628999153,0.267428785665697,0.828471039418707,0.059237429389459,0.030642935380616
"836",0.365790106056981,0.00103209339950654,0.314933653792701,0.8786598122526,0.0566545471847291,0.00227337501823639
"837",0.457494157768096,0.000289642266296794,0.262468735919731,0.625542227284253,0.0635250646050848,0.0197810893860516
"838",0.2964405783625,0.00497056495373318,0.182881825686609,0.894685785153969,0.0670029439710926,0.0226870395887948
"839",0.261700230140058,0.00600534308885823,0.243863614044759,0.955047689835884,0.0589277346186429,-0.0419594509496069
"840",0.376519260296311,0.00826696817807538,0.196153387099766,0.700015209305028,0.0618467747789523,0.0173781602334148
"841",0.341514457270048,0.00664063276443065,0.226742278118295,0.755629769308357,0.0632649551085565,0.0072651329880698
"842",0.337612660058482,0.00725657883554205,0.142320454787446,0.885850090883199,0.0728583657711162,-0.0011159329522359
"843",0.276325095231629,0.00520664706339415,0.17709288567052,0.996766994517607,0.0687147713393503,0.0460776365982393
"844",0.284166548998561,0.000804981072548922,0.17755675499654,0.766933994861477,0.0703405988764194,0.024087432402678
"845",0.264349297225301,0.00599572577946815,0.125458809933245,0.834129910160142,0.0713900845640686,0.0312742372741031
"846",0.225195070100076,0.00914176985487014,0.139300258904586,0.974705290471737,0.0716540332470789,0.0201054334606801
"847",0.320616766445575,0.00437089508657013,0.138201297872944,0.820955871833703,0.0693640015167106,0.0481565114430974
"848",0.29451883273643,0.00305323513629465,0.135767765643604,0.620880040571301,0.0730115932094993,0.0271505268119725
"849",0.353152304859788,0.000802768386538956,0.185269033160773,0.735757414238068,0.0727152778069031,0.0254588105837077
"850",0.356346190803721,0.0044264414934376,0.126574535292562,0.675018651454961,0.0752481464867313,0.0135668528363333
"851",0.281928856591479,0.00778534263849337,0.161456350235412,1.20901780266649,0.0677066550725282,0.0471417019919482
"852",0.367942343256032,0.00441292764337105,0.177430375042453,0.812804279748841,0.0719444492032541,0.0393821964602116
"853",0.282096581358294,0.00759452599173885,0.153540265412689,0.904465481965991,0.0745043471398717,0.0248285006627645
"854",0.219618672133678,0.00821647330595878,0.180383594610679,1.24667841847601,0.0632716316385304,0.0214278364678825
"855",0.249043384412371,0.00719799599377553,0.216117631354955,1.20271951445083,0.064693317469539,0.0247973171601417
"856",0.281401426023121,0.00310356563281053,0.169662070028002,0.650434991646296,0.0705563796157717,0.0222477679739008
"857",0.316392944869857,0.00676113470965019,0.226820438432965,0.965799873769166,0.0614498266632599,0.0387465942806186
"858",0.283151751884222,0.0010035420336687,0.263720846375754,0.941591995240692,0.0602827786167138,0.0368213135572054
"859",0.189331933907304,0.0030406831180799,0.193593208660802,1.33734530624788,0.0618429042076406,0.0455679552310078
"860",0.333889101023248,0.000731968497717756,0.223073062982584,0.560332519398073,0.0675834790133676,0.0293841237042324
"861",0.416066636924419,0.0061955925871081,0.271902789765606,0.829297163890527,0.0575151686890381,0.000620153133742815
"862",0.431627526894245,0.00185291790877589,0.402437404734666,0.784570417243662,0.0538122589071266,-0.0150258140279757
"863",0.371075483041273,0.000505142188536863,0.363646101633625,1.05363608773592,0.0587918334953994,-0.0141306132522929
"864",0.380984905938836,0.000577243394234387,0.347341195205609,0.806162737285059,0.0579357662144025,0.0177584709523099
"865",0.29593013208833,0.00695983835444529,0.252982724081272,0.835911589806733,0.0605728783139158,-0.00558872264440225
"866",0.30215839825654,0.00257143960985584,0.276925862455469,1.02320883162393,0.060188970327669,0.0132196795520079
"867",0.278908175030792,0.00412054078958588,0.195355319456202,0.740099679879465,0.0662189368185764,0.0318495016293663
"868",0.239163763757363,0.00136229469891736,0.203198855500504,0.735776256394713,0.0697055060877496,0.0131109493488046
"869",0.251128128944383,0.00557106416347139,0.247409776595576,1.1041148475055,0.0567002052230271,0.0398778514864573
"870",0.200773661787923,0.00591126632613433,0.2122081648496,0.910832535679508,0.0626658143682976,0.0286284889937324
"871",0.302988198070606,0.00113671112709355,0.18504606109686,0.815514027827743,0.0707051824321656,0.0288835854547808
"872",0.287769738737873,0.00100347900454342,0.278418558861304,1.10884621554921,0.0592668410218018,0.0153875570246404
"873",0.320869580204989,0.002580729023699,0.184800375069386,0.786697040558567,0.0695911614317267,0.0107037116439618
"874",0.30509623322936,0.00431926142972998,0.210101426536496,0.825627961568154,0.0651351128615467,0.0169590909721965
"875",0.285066428874564,0.00368624393120513,0.14955086896081,0.961252171487721,0.0697484949556743,0.033588931611056
"876",0.266313917016376,0.00201271746812551,0.205156769597218,0.720952109990711,0.065090744905785,0.0215119291885223
"877",0.340594424564096,0.00153384167029615,0.226744099021463,0.881177984906532,0.0634467123175273,0.0333295773764448
"878",0.235124474938637,0.00250188087928614,0.152975143945621,0.743914591497856,0.071022465733619,0.0122608219447941
"879",0.305709382871849,0.000444847548055015,0.1921842987198,0.66126957773808,0.0663106226865244,0.0340061365237205
"880",0.255704365346776,0.00283235675224373,0.155878549423002,0.937045228715828,0.0680505136880488,0.0135794569671118
"881",0.242761574317425,0.00106113367375937,0.171634542194028,0.852235823696526,0.0672211535983507,-0.0063649057543155
"882",0.342706769900452,0.00421189952069767,0.204328515874422,0.722210961828465,0.0652704810128883,0.0271620612318289
"883",0.40745689569157,0.00797729329767148,0.196965841673819,0.660962576589625,0.0684817427810039,0.0210615254923599
"884",0.308104449604056,0.00981700897383841,0.134883410071508,0.729127401577779,0.0721603170385038,-0.0407229818338774
"885",0.220889061457816,0.00871825460185932,0.220460989874468,1.25188869990594,0.0622123771133906,0.0257301066136783
"886",0.193100065878418,0.00166844530155454,0.134374744997958,0.870091175856742,0.0741522918389856,0.0114104384571443
"887",0.237541353686436,0.00293336507708411,0.154181751099483,0.632067615032943,0.0688653019112789,-0.0150556186750671
"888",0.271125505063026,0.000822818282694823,0.173193128938065,0.920195734401369,0.0683001057104957,0.0065917414927692
"889",0.318821323751884,0.000981046165346482,0.182226212456666,0.772336031751798,0.0657613019492757,0.0241415004673073
"890",0.251318964661504,0.000109715967514153,0.159881213216941,0.800132087397526,0.0679610811494081,0.0238921411737648
"891",0.258680973901937,0.0034833436848217,0.128039871372648,0.69850801451655,0.0754949529216257,0.0488024329971076
"892",0.251753835524561,0.00669042288101158,0.147878358704181,0.835506975404126,0.0676083960304976,0.0283368544980258
"893",0.30887682202541,0.00672078090679554,0.17979428932627,0.883384392908244,0.0675761420604828,-0.0212163598885556
"894",0.35157714928392,0.00872065626838917,0.171622054502021,0.88264325886795,0.0697131672279563,0.027635439968266
"895",0.332418271723124,0.00606977390362757,0.224414910758564,0.935433141851225,0.0627880274968209,-0.0420409770458605
"896",0.305912841850251,0.000335835138912948,0.181900898609692,0.801857910317663,0.0665454972787163,0.0453622326550013
"897",0.312075704261386,0.00658169758137415,0.189244635349736,0.645936982826457,0.0669571043473806,0.00124609542459386
"898",0.390775125416004,0.00140455974981294,0.226716621837366,0.707349555711786,0.062258892899942,0.0268850233665017
"899",0.266435686524636,0.00129360171076615,0.226123782059722,0.736116485375655,0.061894763978485,0.0150505006903568
"900",0.273862127897801,0.00140440496419128,0.263850286249437,1.10891529359848,0.0594078516894786,0.010358144827967
"901",0.24190119756567,0.00232159025319093,0.281251148685483,0.877269769992187,0.0573773895676677,0.044351743442609
"902",0.205344921429033,0.000639124206714192,0.259987103742431,0.983615057926698,0.0569829819766218,0.0269450973683884
"903",0.238768104581891,0.00165479158649861,0.157123881494188,0.707316921378734,0.0674674200817075,0.0448200943494692
"904",0.328632470620064,0.00658578424898396,0.168759841093155,0.903356756542554,0.0726244496515382,-0.012778352802253
"905",0.332470760654092,0.0081943499513373,0.154510336352302,0.864013598473141,0.0753130656440024,-0.0140978021361365
"906",0.333712029602549,0.00356793672082626,0.170265891765237,0.67081985966085,0.0711474905568176,0.0202581488809446
"907",0.343654917866739,0.00280004739313175,0.106869120742794,0.627807459786744,0.0830544164027587,0.0255445539765668
"908",0.284962846278696,0.00983047264238849,0.196229844172932,1.03424761408074,0.0648406888241756,0.0106511875461567
"909",0.369578731246259,0.00506590609839941,0.233517941332748,0.670521331265487,0.0624341206019099,0.0147063723670674
"910",0.341555270630093,0.00380008129446946,0.291745195273297,0.891252374396731,0.0602888649539987,-0.0140204283385208
"911",0.293259975986545,0.000104377187122619,0.445474318809494,0.74493360283459,0.0459945509264447,0.0283073408669175
"912",0.328376521037639,0.00198985059391085,0.345573882313588,0.880590224024558,0.0510579673556747,0.0386398160727579
"913",0.230111609247604,0.00222157111986575,0.415644796966873,1.08855031573398,0.0488417315953787,-0.00120440545894709
"914",0.248595974862899,0.00192549453942497,0.47239864417997,1.24604429692701,0.0465540164340899,0.0165360878348455
"915",0.276498776496235,0.00338937046479417,0.305129616267616,0.947064042673182,0.0522293927107074,0.0051182306616914
"916",0.32559393583581,0.000117253903726991,0.389029545267565,0.749011597520235,0.0547259393819037,0.00516560212254295
"917",0.330855260589509,0.00119917446035922,0.27911374137218,0.99820017374755,0.0591691465947623,0.0292138514109163
"918",0.349049212937128,0.00622330035344301,0.215133350180603,0.750363869419459,0.0626986620506088,-0.00247423484610826
"919",0.251958997473861,0.000408439337346352,0.151420981993925,0.836463821409993,0.0722644653696565,0.038213618503251
"920",0.243312783624129,0.00643181327339632,0.159143252709982,1.43757311153191,0.0690684543222737,0.0454344035422686
"921",0.269829435806298,0.0141875704175165,0.178684409288056,1.29563439980387,0.066368488345337,0.0151825383408657
"922",0.204118164939011,0.00615775921095507,0.14077503861704,1.19876436513371,0.0708947508718646,0.0171555844778128
"923",0.236313155946032,0.000937108196077059,0.140033488435788,1.0541467683627,0.0723583872522162,0.0347796723432366
"924",0.241244491981584,0.000756636227092449,0.129175145461947,0.85000507664213,0.0774959906191892,0.0321237312821899
"925",0.203627592315498,0.00374641471916269,0.108895906728968,0.871865904224154,0.0779625605747541,0.0231646479428804
"926",0.204572840919112,0.0100743314701226,0.0717122421942439,1.06362130467386,0.0828253696791726,0.0200384769828353
"927",0.205299015619682,0.0110127289245895,0.0815956824517052,1.35645774713134,0.082814602719093,0.0363440288524202
"928",0.320523126905385,0.00717153440022285,0.105350688549287,0.670414855421824,0.0766435868861216,0.028818743641554
"929",0.228377070624942,0.0210460899127738,0.0661892496630429,0.968369703868737,0.0816301634209312,0.00427792518049841
"930",0.260991240578485,0.00218275952148593,0.142327117253742,0.865190213061089,0.0754271569449608,0.0347294468512391
"931",0.264568117982175,0.0041261206320014,0.128214908183978,0.900669876948781,0.0740169061310789,-0.00319223202342149
"932",0.269706917265093,0.00192482907088649,0.109097621463732,0.71184068658366,0.0796349979156655,0.0340628135325938
"933",0.266355320367422,0.00407611948738646,0.113841211948524,0.595607410077097,0.0744791737686742,0.0434029639997478
"934",0.321408194043469,0.00531750952690354,0.172546449416901,0.752554056530201,0.067800946713423,0.0245471638117095
"935",0.325407260519835,0.00349238760679244,0.161292931595637,0.650376012378075,0.0742582799977687,-0.00512248486165641
"936",0.329193946238421,0.0115643875416772,0.167489751854621,0.791679235048338,0.0703616746166933,0.00307835871053725
"937",0.283470871480148,0.00178039076273596,0.169358062005313,0.716363818568789,0.0707326982933442,0.0241435522133277
"938",0.295367758902211,0.00222999530646254,0.124524663136996,0.647726629290067,0.0727335448469317,0.0169542618351331
"939",0.229412386854466,0.00759510258739796,0.143143346536387,0.694982848336662,0.0712948373891835,0.019801155609409
"940",0.257294148301412,0.00136563135753392,0.186822176219028,0.974448197050667,0.0631582676086187,0.024164953435836
"941",0.208415221817342,0.000935660295232328,0.138233593016365,0.761835552862759,0.0679703795016516,0.0316194649740767
"942",0.348631616358004,0.000907765802995528,0.228599890645974,0.701564807756049,0.0656757198053562,0.037127048964109
"943",0.449812241886084,0.00619437120325377,0.20994049444038,0.651891917615767,0.0695794505841154,-0.0130865563346234
"944",0.430617178306935,0.000103403035242838,0.214469779172599,0.835074671554365,0.0656411176479266,-0.00420477454857779
"945",0.315278962167802,0.00753809772915492,0.254431064990578,0.903623789190743,0.0606408889009482,0.00952782457944082
"946",0.334283259559237,0.00804275114035747,0.244531382777001,0.934311959579823,0.061074492908687,0.00548434907649761
"947",0.326754260822268,0.00471418058903255,0.219780180780451,0.869693641008452,0.0653005142744114,0.0129806514184742
"948",0.346476444622209,0.00217132668050781,0.143183274501878,0.686741210920429,0.0719278136251844,0.0230987336761637
"949",0.272013359318944,0.00687728849654218,0.147850546928818,0.814748014676859,0.0679014236641565,0.0341890996925854
"950",0.179800010212562,0.00503952473096681,0.117219041197085,0.974770802137968,0.0738154810493389,0.0365102675912423
"951",0.311476105999963,0.00377206494683298,0.133837978846627,0.973160974641592,0.0757175991631259,-0.0186950582506671
"952",0.214475394882664,0.00495280306944113,0.189398551224028,1.37738418562159,0.0667509237587115,0.0309390699522657
"953",0.266984041326196,0.00173564500276572,0.222485609776956,0.79712601372051,0.060912384165182,0.00420528078833673
"954",0.388072956893949,0.00666971142970814,0.232914440213815,0.668041031840144,0.0614615287954188,-0.0032010207171718
"955",0.30545412525672,0.00561911759926828,0.229028560383189,1.18764484664692,0.0593462736618454,-0.00275542007603935
"956",0.242027721553421,0.000418950798969798,0.246392286523735,0.895543410986603,0.0575332465801869,0.0374325894365745
"957",0.250943813464736,0.000955836828733276,0.210997392396375,0.889057032827891,0.0631520557226271,0.0268455744588226
"958",0.251947133108366,0.00135307440120143,0.252246865851657,1.0136298096734,0.0626250540884749,-0.0172094966617565
"959",0.416893605798559,0.00683544860892143,0.249719204543558,0.65655186028094,0.0576040075848458,0.0195929283466665
"960",0.303152547624058,0.0024331587106409,0.214219879355583,0.795230568685242,0.0651040379574831,0.0149003452067949
"961",0.285100472381413,0.00165125733995473,0.285566567933649,0.957200689173832,0.0586362375623724,0.0209265244965362
"962",0.302646071903384,0.00246661556142919,0.176987737398211,0.808165124649493,0.0690194037654476,0.00908940397700274
"963",0.28611221444133,0.00583753812753773,0.199655116943811,0.995182835552943,0.0658330009752444,0.00304053861798305
"964",0.306112149966411,0.00882987472105596,0.267547795353281,0.795736386775957,0.0563970814045102,0.035383163022102
"965",0.228388464920282,0.00100745697079858,0.273985679066884,0.909313483632848,0.0577895069396002,0.0493375607283054
"966",0.293109784362537,0.00226153310281914,0.260249467206402,0.808934349078857,0.0545095919392195,-0.00281832642501749
"967",0.340619685288909,0.00335867056730606,0.309345677554758,0.820876150647179,0.0548515274229422,0.0289353606184992
"968",0.339574419209714,0.00106626815011699,0.276669231782772,0.708406096414081,0.0573175586017903,0.0256935355394531
"969",0.302249694652878,0.00289162417102373,0.298544213484661,0.879862216552673,0.0571066439800654,0.0263263458388939
"970",0.261718844117083,0.00186121190605988,0.218598336057849,0.960972976673514,0.0634098564708234,0.0444072424339148
"971",0.248597256092521,0.003454237240053,0.213871343341335,0.647176648901217,0.0638094746314157,0.0224049548320162
"972",0.314752480183581,0.00189753697046557,0.278999993933052,0.974012145553708,0.0539151020714914,0.0198643161328708
"973",0.413413685896328,0.00195947544030522,0.312627462646872,0.750455966317256,0.059086309111575,-0.0235066490484489
"974",0.338012135749288,0.00334579738622052,0.278933093278062,0.725864327473148,0.0594456659669373,-0.00178518656018774
"975",0.369159984327533,0.00337566187490154,0.239294628065972,0.830379913162886,0.0606394567858596,0.0333426471287853
"976",0.276296650032353,0.000105452148330512,0.354048363805781,0.832388316885241,0.0513377793925162,0.0155859048597483
"977",0.267830779389563,0.00260925242392727,0.314588641414432,0.831596811687081,0.0541169815563673,0.0283850094116461
"978",0.30537199628776,0.00218528479744248,0.220827203125864,0.878914446905326,0.0616054798114632,0.000795136794464024
"979",0.37297252695836,0.00343727939763757,0.216339875188853,0.693874051785232,0.0653356300065083,0.0311254172004858
"980",0.234464443156874,0.00228341930295195,0.20947321258346,0.921685098301303,0.0652486205037359,0.0259551420269763
"981",0.38834383659062,0.00179567113114952,0.187460929174626,0.625689350971775,0.0669451872406046,0.0227055995857373
"982",0.31912231329914,0.00869379277864616,0.14773984906012,0.889632333301239,0.0711642451176253,0.0485675750745089
"983",0.307518858633471,0.0129249712311591,0.125198066492277,1.1122191613265,0.0729395931063082,-0.00182838501241339
"984",0.240563648184694,0.00424407183753163,0.114304815188815,0.861822303102085,0.0822442807370186,0.0434771209725626
"985",0.204968296929166,0.00886895149234321,0.0989606325796814,1.0459515039732,0.0762094323182039,0.032451251133474
"986",0.253896541636521,0.00465434190624633,0.093062122342798,0.885305605068507,0.0846279834345851,0.024027934585657
"987",0.279809704528735,0.00281530562356828,0.0860635541918331,0.766890433658653,0.0811497645381978,0.0269550665266018
"988",0.15654197138815,0.00862029146009895,0.0784627762794081,1.23049664582597,0.0774716421077847,0.00988130876115298
"989",0.291477724728093,0.0139749309602113,0.116468135560047,0.956924089711172,0.0734351809883333,0.0201294133617636
"990",0.285023291009467,0.0143986582377131,0.163322657767172,1.19197198581606,0.0680335561948567,0.00419387942065355
"991",0.252259090059097,0.00281118708340015,0.218596033198113,0.802240235248427,0.0606502652279493,0.00743318675185856
"992",0.316201676333376,0.00419642034252449,0.2078112553098,0.889485287795004,0.0635603271639065,0.0132195992141388
"993",0.401963432046179,0.0023877346079725,0.170240776854978,0.563621540395735,0.0716649287419653,0.0340777031245599
"994",0.277907915362941,0.00413871451485245,0.156392294234409,0.877172442101042,0.0678856986015684,-0.0480181833632538
"995",0.342566288801135,0.00266629098333561,0.18493968556397,0.856937363324081,0.0686131383865525,0.0463926825621512
"996",0.327733356109477,0.000971638268169794,0.190853549957374,0.733557762118902,0.0671898799277582,0.0454005477919568
"997",0.305241716804364,0.00863967213787798,0.1510906352252,1.04023991296599,0.0675695815319901,0.0259399546380482
"998",0.370446465002803,0.00238359735005728,0.152906769163134,0.603605702562941,0.07272548656899,0.000907720794717368
"999",0.258195654307871,0.00308463675453534,0.177792302737844,0.984331943024726,0.0655086510348755,-0.0155504256126765
"1000",0.277831776345223,0.000801449072613101,0.249218885238409,0.939004871173325,0.0597825332944955,0.0188146469157966
"1001",0.250350364837206,0.00611676709179898,0.181616283473945,0.90636793926532,0.0649802132767128,-0.0301754489656022
"1002",0.391754696261178,0.00253149685658198,0.196372173777415,0.573508641894956,0.0633390037992649,-0.0222884822148774
"1003",0.311407895691239,0.0186421611773533,0.174774032926735,1.14939301496391,0.0586432818582869,0.00527059080398522
"1004",0.283282540964941,0.00231658348893886,0.146876023600524,0.836085661866362,0.0708347007597283,0.0217374498270117
"1005",0.328054610908586,0.000906457598001275,0.127581174471395,0.731406787714281,0.0792871080975751,-0.0141013210579054
"1006",0.304952642658818,0.00218565353703489,0.107767804251485,0.622422761189452,0.0832514265432137,0.0147845437156033
"1007",0.261785522871283,0.0108189398250814,0.106382926773326,0.980389451477052,0.0755101536741445,0.0234240496172791
"1008",0.303517895081854,0.0150404938552041,0.0864022255034267,0.921258412697094,0.0821661759518829,0.00531885537052903
"1009",0.266489122679755,0.00844956681323487,0.101320222155957,0.85072663465936,0.0820223410146646,0.039989692786582
"1010",0.268691268178558,0.00731435209780914,0.106914086358709,0.934599477029899,0.0771092714315334,0.0039585580069545
"1011",0.21974689224723,0.0084533497823383,0.170972267588403,1.00509944695675,0.0669314866205976,0.0091324898943945
"1012",0.274460778157898,0.00434013923609075,0.202367650797059,0.878582154072737,0.0635373151567069,-0.0363905088828864
"1013",0.30532051827469,0.00099832890976332,0.256740020999093,0.833430241066946,0.0595444497648618,0.0195607442352293
"1014",0.262932331423496,0.00782521647529741,0.262974649702905,0.908618645388885,0.0590659467066942,-0.00213897985925161
"1015",0.29332518481514,0.00126258276604423,0.218731898068479,0.769162324075268,0.0633147102997349,0.0189184464091714
"1016",0.337312866653104,0.00458734323999081,0.260484359579291,0.80784695573529,0.0609104581384647,0.028527994194247
"1017",0.2688050304248,0.00351407354644556,0.278941325197701,0.821891868162595,0.0549838183634091,0.0254786720979316
"1018",0.375044858207329,0.00280469939886064,0.283207916894453,0.900239434504223,0.0598625558428069,0.00331488813116265
"1019",0.366336756459106,0.000759990394319064,0.223164439610457,0.726674536954479,0.0665234803266692,-0.00443158316192592
"1020",0.347467835589071,0.00484053775440877,0.147827113073441,0.537262119719974,0.0736652866955713,0.0382400566963907
"1021",0.21029339721515,0.00140987338161407,0.17867127147144,1.02595469039406,0.0688579480759544,0.0418543946287006
"1022",0.256289612242247,0.00032718786022652,0.189240776228742,0.955754874180464,0.0664939121849506,0.034504699660188
"1023",0.286184966877491,0.00139258304147427,0.191378739800913,0.794298834380829,0.0654758649389136,0.0190398126808103
"1024",0.354734634607144,0.00270938187583566,0.209701639701732,0.888972833537084,0.0620945588327931,0.0410882476164246
"1025",0.303355888084309,0.00920677248784529,0.176522770971353,0.872004108798368,0.0689202486764134,-0.00504394253849271
"1026",0.330462794856801,0.00325343567713661,0.125109212847613,0.69362527865473,0.0763647763489349,0.015778005932345
"1027",0.280798302028425,0.0103014660469331,0.0806533012935176,0.630703649776077,0.0833150822725379,0.0170399442368899
"1028",0.231061445584591,0.000423366232358416,0.0933917319622164,0.689894595129649,0.0833241449823913,0.0269592362964331
"1029",0.231634528890862,0.000358080312392441,0.155501501235034,0.928688293842611,0.0705316606955687,0.00936339834770955
"1030",0.22209501318618,0.00371872755140135,0.108850573307735,0.748580556858331,0.0737387587242267,0.0327674030313539
"1031",0.366078026314392,0.0122651545809004,0.142741504132202,0.789447811064531,0.0709961595991381,0.00927558758044872
"1032",0.257116335178412,0.00458384950862087,0.182515613491766,0.932734109988051,0.0649661215631722,0.0125792533533635
"1033",0.197887273607827,0.00504770625692189,0.140758702144968,0.930387714879341,0.0703385142971365,0.0413947403843073
"1034",0.295398237721748,0.00286237183684949,0.17125195922372,1.05899279074781,0.070322889219523,0.0395304900140878
"1035",0.284271440254819,0.000463184243825273,0.203713336868511,0.700795078061782,0.0643515537050324,0.00205621888845726
"1036",0.272082921725042,0.00168925699454735,0.229407762643402,0.802007757314904,0.0623779410444091,0.0335517513541911
"1037",0.244917516240727,0.000327463076006382,0.218174181303045,0.704240804421611,0.0595159191867533,0.0273209008246877
"1038",0.203102368279896,0.00292702948273281,0.210121718461712,1.42580777387064,0.0628385004357529,0.0458958540532069
"1039",0.240220477143361,0.00174109044513844,0.222412791599536,1.07511562029045,0.0611663423860786,0.0466779744735489
"1040",0.339695600464754,0.00911474837123923,0.146597722417913,0.793111287928463,0.0744814866462731,0.0154147738485904
"1041",0.303192001880346,0.00630740529951276,0.119329379277318,0.659218982261407,0.0775537741771392,0.0337806948595095
"1042",0.349591896599958,0.00702865209836922,0.0861996859165272,0.7242497808574,0.0844609423579658,0.0299656918125797
"1043",0.3535840372843,0.00369791744906306,0.133088609106426,0.52425749653688,0.0756349192592488,0.0359143549849634
"1044",0.244838333714981,0.0024159285411119,0.158944314928962,0.815917780547307,0.0676341822027013,0.0393318989560577
"1045",0.248067358466077,0.00425409942251854,0.117996824983551,0.88890383754683,0.0757049621926569,0.0313940958436502
"1046",0.271082702254871,0.00143542327442799,0.136758224730581,0.763779150061822,0.0738485181214707,0.0254305292022588
"1047",0.237916994753419,0.000169355936498554,0.142527992178435,0.76230225719298,0.0698529868080285,0.0427050010706584
"1048",0.285454297396016,0.01176436315856,0.194009417136515,0.996612388390907,0.0637903095395972,0.008330476640544
"1049",0.327343069856156,0.00650577514317406,0.242931766181349,0.988879576136497,0.0587641759056917,0.0141306599633838
"1050",0.315166737649388,0.00496130522433543,0.197682558265417,0.912390604230773,0.0660121531966102,-0.00250899923140487
"1051",0.299505030778146,0.00403670511845687,0.144590136072269,0.822438975980353,0.0726280288764631,0.0283723124105763
"1052",0.305989378250153,0.000599993956868977,0.222504349262294,0.794881255385695,0.061737737692214,0.0250462294780211
"1053",0.264142581604695,0.000744685117715992,0.15056850159479,0.709270082780144,0.0721973964003132,0.0161073276771539
"1054",0.252840537434096,0.000264787263481872,0.228802529356866,0.92054415370953,0.0634694251985006,0.0363851589243517
"1055",0.253949167305539,0.00304259872428813,0.184858000709981,0.994665293424142,0.0694571495697189,0.0140418867916294
"1056",0.237084870461693,0.000359529036849359,0.182236338575722,0.904085970248022,0.0676878487629069,0.0262433048684998
"1057",0.216110760733449,0.00534231181470387,0.223223721130778,0.999618891291854,0.064047389565807,0.0169417706778001
"1058",0.326224562620027,0.00158089551056362,0.382925729845369,0.923863497293093,0.0533098482350355,0.00325801354813769
"1059",0.281486878456567,0.000747896010030896,0.275065131468728,1.02376728550106,0.0586612785768443,0.034340729711997
"1060",0.35898809562482,0.00337911683391669,0.321904324041231,0.919195696853533,0.0574806694828349,0.0283556850653812
"1061",0.259829970432372,0.00927839793714077,0.169989453777316,1.09146048893744,0.0670125676579005,0.0369092879778381
"1062",0.220997442426282,0.00597736176844724,0.236974204610911,1.14995567099568,0.0585532652028469,0.0065393600191839
"1063",0.248862585661683,0.00033856218024062,0.384662069796823,1.00507017262173,0.0507669271413345,0.0232270408367355
"1064",0.27497327517647,0.0108950950159222,0.305075685195795,1.03802979119818,0.0555301454262703,0.00594876894014161
"1065",0.280076798503702,0.00252939801940967,0.339091641246258,0.764054365573558,0.0543184496869724,0.0491500265835581
"1066",0.304795102723839,0.00245500783716048,0.340634282479522,0.889598048234704,0.0518353371043448,0.0247847183914559
"1067",0.3061334751499,0.000515690024696618,0.221534754694235,0.710835117651363,0.0623963274465709,0.0120660860283749
"1068",0.266968685649317,0.00447232162241286,0.212939530226902,1.08360963704185,0.0629452617110555,0.00522453607719796
"1069",0.304840648347828,0.00293564274361696,0.280727322074494,0.834823175840645,0.0570713371913534,0.0240138361383694
"1070",0.344492244011077,0.00156003417878523,0.248680728182416,0.75462130264984,0.0619780371193957,0.0134141010275704
"1071",0.297656655711856,0.00538636859472107,0.229272512488131,0.856596183412164,0.0642411133952311,0.0244583361614902
"1072",0.332264206636137,0.0051309126577803,0.281412399241088,1.00592817140805,0.0583686675645992,0.0203264212748059
"1073",0.337226350035021,0.0029891696733744,0.274286823387215,0.616638161199464,0.0579503675850468,0.0137287766751365
"1074",0.37134496886391,0.00302863969683565,0.184892398157765,0.788142706859641,0.0735017472607478,-0.0257911216686132
"1075",0.420322305848326,0.013644384561141,0.142206889344288,0.772927747041323,0.0692475163623545,0.00308470027494235
"1076",0.384067249569793,0.00350489872673839,0.156390659348761,0.66940762285265,0.0721751893471063,-0.00115890981169847
"1077",0.347104179692608,0.00519714216450109,0.233349966715231,0.690459398783574,0.0637379312226824,0.0209275452323818
"1078",0.319736929371454,0.00489053958224575,0.174003599506578,0.840257206072315,0.0709420400249542,0.00827116241770408
"1079",0.333213159279913,0.00180619242500595,0.159952530859874,0.816256299237499,0.0708149263918854,0.0274850603423362
"1080",0.271854643669684,0.000993041255673624,0.202870750473926,0.751935101847209,0.0634302129317623,0.00117387110459897
"1081",0.223656540403843,0.000539801797511561,0.191785338844143,0.814945197557114,0.0652694118823861,0.0306858754052808
"1082",0.181441761302612,0.00256435098397779,0.181628966858014,0.993176483644712,0.0690582683852076,0.0297525110769112
"1083",0.270517344773186,0.00219542156735691,0.167682228420432,0.779362232101732,0.0653708340564356,0.0307584740592024
"1084",0.222353107212371,0.0127055797395507,0.161067929769789,1.25247286998949,0.0694074413992066,-0.00185860338928359
"1085",0.272789496710546,0.00698265743827652,0.185322732112429,0.804004887826878,0.06497161449898,0.0258100636540216
"1086",0.268936181140099,0.00208714438521763,0.120762231092648,0.88760173755267,0.0792001542523637,0.0281224963744673
"1087",0.384969599061253,0.00247672034170572,0.171824285947263,0.569827317481704,0.0709965368531164,0.0413374101743901
"1088",0.220092990269142,0.0124175367527018,0.125770176381061,1.05829048296559,0.0718936178941257,0.0340453315556195
"1089",0.261354142989359,0.000578438370852043,0.152011324897305,0.620638532250897,0.0718134241106129,0.0238836075052614
"1090",0.292285301336425,0.0030185448037997,0.157743002115305,0.8284718185807,0.0710740508173757,0.0469499642429387
"1091",0.286229954975499,0.00634466788847878,0.130685827719344,1.05842029751063,0.0767386656047004,0.0105263982033035
"1092",0.228993844349874,0.00158336358556611,0.140667671319197,0.723340454044226,0.0725065017473982,0.0390928500564517
"1093",0.251905520322265,0.00760333392260076,0.160000604675087,0.906627912395155,0.06772440606566,0.0296263015379505
"1094",0.291114122370505,0.00262829162180773,0.1530359679699,0.675116154122358,0.0712659082812431,0.0211089865628402
"1095",0.280236389681526,0.00512595054509596,0.164619381167993,0.894938213008295,0.068007346610446,0.0099553853110453
"1096",0.302501891033644,0.000638662064045398,0.220457229540236,0.731316461685423,0.0637464049188888,0.0273379406090422
"1097",0.347161662746888,0.00103829317600374,0.209080569797788,0.721441318748861,0.0656674224133668,0.0140984764052293
"1098",0.435067865442569,0.000825531992012392,0.26040737436431,0.657861442688574,0.0629495133174015,0.00384431035159481
"1099",0.322126671995552,0.00320768629412692,0.354381126519873,0.721642444341167,0.0572261182942632,0.0148090635015613
"1100",0.263030120613868,0.00186110292564599,0.214746071317767,0.951615076846685,0.0661472103222967,0.0311766771711144
"1101",0.285753903764717,0.00363626542892645,0.18109202422073,0.869149314291617,0.0656347478527021,0.0296041984678849
"1102",0.348192431481635,0.00212395645932782,0.226449621602993,0.664013957813718,0.0652490457074675,0.010118885605944
"1103",0.320661158207198,0.00107726813466293,0.296071708641049,0.884777770655601,0.0574688045405671,0.0180328175630227
"1104",0.286409574559227,0.00520855783456208,0.269221999798504,0.96083729149571,0.0614949611193771,0.0105831160970333
"1105",0.250006772343599,0.00858846688444666,0.24976227668905,1.1679490690946,0.0589322730073666,0.0338105899390172
"1106",0.232658731931801,0.00733437080335403,0.168976554625353,0.930280011860251,0.0644132112051822,0.00870044777335589
"1107",0.287786408032068,0.00430776091856825,0.182765426383663,1.05682384585664,0.0677625869437741,0.0358860939278679
"1108",0.172314953956945,0.00486401103904129,0.133425312113152,1.18856446464305,0.0726967083060018,0.0371875249876465
"1109",0.239735892996392,0.00664568695824585,0.17342514312241,1.01163841522379,0.0636577522360133,0.0205790929544127
"1110",0.29426451020196,0.000180799591856323,0.15033532641812,0.77945830964754,0.0720966931016671,0.0128651704925116
"1111",0.262354448076332,0.00799186067534809,0.146612507651023,0.98655073550448,0.0669558482700627,0.0349678874704513
"1112",0.265524198324192,0.000544040159915081,0.176513274990092,0.945611389120703,0.0700713425187077,0.0264801123112782
"1113",0.31000880844662,0.00221690051284074,0.191553948534611,0.710611246090211,0.06215645790375,0.0309458154146797
"1114",0.391765942585083,0.00312118930895865,0.152218241230146,0.715855148934915,0.0692808478487852,0.00472578936287243
"1115",0.251757689313172,0.00652676852196742,0.125194584453788,0.967970770438915,0.0775386411998766,0.045662017840282
"1116",0.30219644055663,0.0026749849992053,0.120466226528853,0.735160859452816,0.0769022250342709,0.0175265162540505
"1117",0.26381943468817,0.0013676632331075,0.108069458913457,0.914849997541581,0.082049109668151,0.0234332732570854
"1118",0.213980489498649,0.004191755957809,0.0921444085498171,0.77833938498906,0.0832671819601961,0.0400413016694868
"1119",0.2047589265746,0.00741724058376869,0.137782394458028,0.875084841363151,0.0718900636008331,0.0313702223609138
"1120",0.182030859013159,0.000306948965981887,0.146931898789997,0.914903040290121,0.0688760548640304,0.0483085832828672
"1121",0.254445638351769,0.00920770552279508,0.186669636997609,0.801349329393411,0.0652244372269145,-0.0167486281519649
"1122",0.267128750703366,0.00151428214102753,0.237146801722422,0.58317789535449,0.0613096030231611,0.0165699873605082
"1123",0.207830854106233,0.00448487978292839,0.197640845096976,0.783545629041237,0.065124359991728,0.0212649716910508
"1124",0.228284160627594,0.0016397297971041,0.154519474943125,0.902663929453627,0.0724841189444219,0.044465367497247
"1125",0.237210886005727,0.00278280656922483,0.171191080179138,0.901013976128269,0.0701668093576466,0.016388737055128
"1126",0.324089806739028,0.00447534455350784,0.239991009113608,0.891112205505354,0.0643640919349055,-0.00011723220679935
"1127",0.424144732597302,0.00579100406857305,0.191339809445525,0.633075419852579,0.0676783206559085,-0.0193512445235166
"1128",0.333222397099652,0.00127409377527223,0.233754749167091,0.748112168382293,0.0651661696696404,0.0177617404463852
"1129",0.345259491053004,0.00389057466789736,0.178251426038746,0.695419792604195,0.0687765114312144,0.00867599504832736
"1130",0.319851777689587,0.00183636114372965,0.168576042505335,0.812092930459141,0.0699266212121287,0.0449472394103251
"1131",0.277750893665644,0.00109652829171554,0.168656188774805,0.71076906074764,0.0737423812710681,0.0262028791015327
"1132",0.245973308436922,0.00301969185005716,0.194004508238355,0.808586777444873,0.0595959108537694,0.0294154600812246
"1133",0.262996784173859,0.000504230358544451,0.238927797304467,0.96185387514548,0.0593960651294803,0.0325942768617925
"1134",0.284709046879979,0.00252137449797901,0.168259897403824,0.789453181534124,0.0684035886407388,0.0123138849561653
"1135",0.311037367172151,0.00312954230691475,0.13231573485884,0.750063128129859,0.0777294061141531,-0.0226717967046045
"1136",0.265250795117944,0.00926214812984209,0.0900880377803978,0.985109466695047,0.0823909139714169,0.0345775638121244
"1137",0.234695205992521,0.00163102053951182,0.0977363493986303,0.699693233716143,0.078771737639931,0.0372618291386789
"1138",0.286098154046498,0.012331849757386,0.0906093755916116,0.723104415044368,0.0771509017756671,-0.00929021148192589
"1139",0.312006594850305,0.00691977709260964,0.137178047450774,0.853442799155837,0.074438919103812,0.0139215693226388
"1140",0.28794511863898,0.00401217091952733,0.110805979965282,0.761598246325779,0.0789308479727034,0.0305073053404467
"1141",0.254774772450845,0.00307957819208212,0.150091529641711,0.948515839606654,0.0729190325493302,0.0095369529468778
"1142",0.19006648756311,0.00264930213341836,0.168185927010979,0.788806863040394,0.0659886482777298,0.0164714325115997
"1143",0.260753130231343,0.00312133127836775,0.13417396090302,0.614124228056062,0.0703217378068444,0.0258832510251051
"1144",0.188979923539178,0.00556858607180839,0.132065544928089,0.859981615653841,0.0680008142729636,0.0469771209136932
"1145",0.239065074788871,0.00131678849918545,0.175848577923629,0.973607803222777,0.0680454798941897,0.0211066107134348
"1146",0.213581463075733,0.00466211262179514,0.104690708584375,0.70858467358043,0.0793739391969975,0.0414285616201197
"1147",0.292113592189297,0.00315588683627072,0.12980931349973,0.990036235948889,0.0743079427758885,0.0382096185752404
"1148",0.313818824926774,0.0124961972559245,0.12800001700783,0.962323636279973,0.072572166482789,0.00847468699570488
"1149",0.360309437878204,0.00300145037640745,0.15807112649367,0.892789367149506,0.0731967850051983,0.0282887903748402
"1150",0.261235728733739,0.00113711415134042,0.145041148928903,0.854220662524365,0.0725810256730586,-0.00439095294607791
"1151",0.245363426218309,0.000469259538433375,0.155084470494696,0.986753731210921,0.0712773076826884,0.0192359275602021
"1152",0.321703260872462,0.00454743594380786,0.2266719270929,0.766515948043288,0.0640307817265149,-0.00574662347814485
"1153",0.372915197006514,0.00273253710676782,0.216157681310074,0.861033253471605,0.0625079020752369,0.0170794752534473
"1154",0.334372171708645,0.00267089906940399,0.234688727674593,0.893802200127381,0.0636037353424757,0.0197059305745385
"1155",0.294850758291128,0.00282176969273005,0.23622296095987,0.758431522638517,0.0618083039691609,0.0156622562414367
"1156",0.326900433502628,0.00492420890142205,0.240730550607371,0.918306892790684,0.0625659120488626,-0.0544122749294896
"1157",0.247485224602003,0.000484919951719193,0.147170946213253,0.736073430812821,0.0714096405484392,0.030502057401474
"1158",0.251616946010356,0.00266975964894534,0.125489825230263,0.728871275006119,0.0773962473852708,0.00613061750141183
"1159",0.205367230272834,0.00247861027920406,0.136183546858164,0.793523272582079,0.0691974158171321,-0.0515336395383318
"1160",0.19127242137325,0.00976939644832249,0.0913946903507399,0.806352805326633,0.0800264131270256,0.046563203000929
"1161",0.301205486626362,0.00274020441716094,0.164053730833272,0.714207283867943,0.0682806275411744,0.0206249396416097
"1162",0.188023929408974,0.00441412655178083,0.180949762417859,1.21617372172354,0.0645443404976261,0.0348327579720293
"1163",0.352600905310545,0.00363343518612456,0.172759521788109,0.671544558995645,0.0687669207602242,0.0259653451840563
"1164",0.326944873765067,0.00926387893821887,0.157590068318352,0.850457888340859,0.0684840639974112,0.0437942909445646
"1165",0.355591245555034,0.00214633464888479,0.212139570860915,0.775568149821227,0.0676493929812523,-0.0298549635177366
"1166",0.327406659227229,0.00874464226452055,0.155910761293221,0.912742861857408,0.0709319975056187,0.0266188061877043
"1167",0.298124857272429,0.0033659855470231,0.174205621806669,0.910583120638718,0.0683914981860135,0.0153649912342281
"1168",0.36342717821794,0.0072060911012234,0.202724478674258,0.816226855276822,0.0684299376149496,-0.0178256658809502
"1169",0.324339948908691,0.00379139097442733,0.154210329156663,0.778819321541845,0.0726419299571357,0.0210195616023203
"1170",0.343614138932154,0.00294164357137805,0.149685612958546,0.63950923405059,0.070839872627458,0.00735453956960501
"1171",0.332415841705925,0.00790179241050004,0.163513246228699,0.803374344353265,0.0689325045597616,0.02566699999709
"1172",0.283923449032758,0.00179408759480745,0.162292740805059,0.951033713670907,0.0675840380274418,0.0108037372208993
"1173",0.252653834522102,0.0015270937008512,0.180609971036866,0.883421433278727,0.0679664813677847,0.0260164341666233
"1174",0.274285918121956,0.00194589132099084,0.150198604089226,0.640577525871995,0.0720411153545694,0.0375208275534904
"1175",0.269797003202624,0.00552353591303881,0.086557056013895,0.749733135700707,0.0827052194081347,0.0342213415182772
"1176",0.263435394319167,0.0058492748331034,0.142370543718145,0.95016286452152,0.0710536462839314,0.0102754711340362
"1177",0.229304823539536,0.00178986728854379,0.143719795337475,0.815625116239044,0.0725677173800384,0.0481338531110905
"1178",0.197266463057527,0.000341217774391536,0.124031039404172,0.922085832804772,0.0789531644200997,0.027401875457141
"1179",0.26486694422908,0.00977017559554592,0.122958700276222,0.879345413824835,0.0737885259824902,0.0104415745976251
"1180",0.326746170149452,0.0147447862837488,0.111955464061537,0.914620852580659,0.0740371501359067,-0.0159816548068693
"1181",0.314014234290914,0.0120694627546338,0.129676309679933,1.23654765149929,0.0765677808101052,0.0195533477863439
"1182",0.375827107206156,0.00815208936333816,0.116441463611342,0.642727415114236,0.0789238958015559,0.00199355766060543
"1183",0.254952427026822,0.015934966820662,0.0695522988683085,0.897995357327593,0.0895968931549077,0.0117021211734079
"1184",0.242128847604019,0.0188549016044231,0.0508709196836389,1.16403756411722,0.0949291532865328,0.0296746864752757
"1185",0.328309004833372,0.0169917504030562,0.09673533800106,0.884059262081103,0.0743241082738824,-0.00337142549577566
"1186",0.246992426823908,0.00710176722037138,0.157154597098241,1.03480444819002,0.072137245427387,0.0248237217616299
"1187",0.311216981347758,0.00465355067650441,0.193348651537022,0.96783826367917,0.0660764718616677,0.000214745999584237
"1188",0.327224610375418,0.00141163814062595,0.214460495427192,0.68706162521345,0.0660234207691746,0.0381167034404639
"1189",0.263379712598912,0.00208451238918544,0.220547317981596,0.950072809624157,0.0628857434036072,0.020922107854368
"1190",0.267102083847422,0.00190695909598988,0.208136159393291,0.912062237495209,0.0639399941855433,0.01533329379633
"1191",0.219614144979183,0.00309004872960306,0.22031343640231,1.09035790986229,0.0634242423503446,-0.00580795727154483
"1192",0.284567319942864,0.00445469190926645,0.171349852677656,0.827194879412288,0.0637059096296948,0.0216459813612622
"1193",0.310617794135559,0.00172877288782842,0.18363207229479,0.914527371419813,0.0659366775649301,-0.0587300290523837
"1194",0.347564982450917,0.0124545604068559,0.189077922181636,0.767162789062767,0.066405448396499,-0.00851833627747734
"1195",0.385284988572388,0.0126277310375491,0.266829064566237,1.34374026971625,0.0581459307593912,-0.00267533890195915
"1196",0.320436690269023,0.00157569287260806,0.369831769806698,1.0202091620198,0.0552173909454392,0.0209411055315478
"1197",0.366205675685845,0.00101268616786441,0.285567730747455,0.883804780130117,0.0589475582021736,0.0104311225891918
"1198",0.347910236607897,0.00331413083910781,0.313416097687833,0.745869703363348,0.0567959186731032,0.0245731109306888
"1199",0.347897050618674,0.00366170554762642,0.211627319617113,0.84537138282143,0.0667275813573244,0.0029163124068003
"1200",0.364178216804355,0.000211702858880115,0.259845377870211,0.70578390742,0.061726823742342,0.0124247366343751
"1201",0.28554733187592,0.00227620324279157,0.164587003061205,0.687138299067382,0.0621546467165097,0.0465579826160657
"1202",0.248977643290301,0.00267070130401274,0.219303594105893,0.870134143086852,0.0632386857162168,-0.00647933608885546
"1203",0.272895808746019,0.00111826203462109,0.192574823574277,0.995817998548123,0.0646774964068622,0.0311109602860187
"1204",0.282816345913484,0.00281184204839083,0.216673616098465,0.78964234767016,0.0637175019446069,0.0362269924603898
"1205",0.214298676020175,0.00922585784984829,0.149988368905101,0.886418641104276,0.0724845302816471,0.024524563510685
"1206",0.223679699097411,0.0116082597835458,0.188149204376622,1.31669896300812,0.0630311934309814,0.0339001121405167
"1207",0.21338747870608,0.00516914049399702,0.149091789438575,1.11104586660881,0.0690548398164982,0.0255092411159663
"1208",0.259522989284197,0.00526603463456715,0.13334108785586,0.996852353406903,0.0736642096419338,0.0363981545400298
"1209",0.24927395575288,0.00641842003758243,0.175498091646077,1.00641760057545,0.0689065315816444,0.0282058780627669
"1210",0.328629627019996,0.000819614293235647,0.263468435814576,0.839051082552235,0.060329354869471,0.0364480893945896
"1211",0.234783459365282,0.00632083723386875,0.142341157810681,0.894604695942549,0.0693125201733454,0.0113046108755979
"1212",0.265657299114032,0.0102846422967116,0.122798245460019,1.07587913555949,0.0728333001563901,0.0141306304981528
"1213",0.274222336128463,0.00202788713520307,0.222734287033101,0.883884315907808,0.0610266970076861,0.0147477111020051
"1214",0.325900485946673,0.00093019039515472,0.229027263095136,0.654299179568123,0.0613350851101379,0.0288354207158169
"1215",0.244675747542117,0.000168847468346127,0.256023846717177,1.11512534249943,0.0588264039952747,0.00439215583385434
"1216",0.361950317861068,0.0084795407917056,0.196582418985955,0.948415779419381,0.0650590764360868,0.0311778934340124
"1217",0.335889442109007,0.00787368181574497,0.180098015808161,0.705559526877741,0.0681585791138876,0.00982301968049851
"1218",0.267203240603824,0.00195285405650196,0.125365547648337,0.67822854442637,0.0732278016764269,0.0479428273440043
"1219",0.268356864883294,0.00483856446226467,0.183403723940549,0.731074571001362,0.0644528646346535,0.03138548070876
"1220",0.212148609581022,0.000699551236430335,0.166822688877587,0.968531592302781,0.0673479473314387,0.0483847348766449
"1221",0.248149826423728,0.00345453076122243,0.195991120756367,1.43034976219709,0.0642947772333834,0.0241574789925566
"1222",0.282965749168551,0.0060394513181403,0.19911849929918,1.00711011090727,0.0656759813806918,0.047457641091614
"1223",0.27875721034449,0.00215952924602493,0.226690785616586,0.83400912575956,0.0606250379031473,0.0433242130050923
"1224",0.256877983134174,0.000335972497157182,0.165984056217693,0.781245137318202,0.0675729123547905,0.0336300955929928
"1225",0.347970237689678,0.00443697117432386,0.198762025931908,0.585400188839814,0.0659610176872532,0.00880671831117069
"1226",0.276997487104914,0.0045975447768855,0.146266088808318,0.839095108305186,0.0728184412380392,0.00182163736778878
"1227",0.315156256601536,0.00431909654504209,0.245442469816421,0.747847455957044,0.0607383501600658,0.00912552175612565
"1228",0.311898741752966,0.00855199729413579,0.169540817805158,1.02795202975729,0.0709267210775463,-0.0105574250715558
"1229",0.394968765883323,0.00195680914353634,0.220213095073582,0.723672988076071,0.0653067725828606,0.0212301047117935
"1230",0.264173412190604,0.0108809396825165,0.197592823626964,1.10564360771389,0.064338720177685,0.0199927922848711
"1231",0.295114747211399,0.00245171197113495,0.185466535439652,0.693922948392589,0.0709189419565214,0.00713486131422455
"1232",0.317492619607565,0.000538013027508147,0.211103065077157,0.758088321260367,0.0656647455827815,0.024261494414019
"1233",0.291102634181688,0.00461110949615298,0.152430668477249,0.613355973845727,0.0692595514685878,0.0376486832856663
"1234",0.251168197513444,0.00251615646538686,0.149522576203683,0.656860203705479,0.0683676655724259,0.048389242585848
"1235",0.288569425952084,0.00461120379164961,0.154223811499958,0.778156793558073,0.068156878958105,0.0013950432967584
"1236",0.22845285098187,0.0074407851262293,0.131787229414324,0.942213803252515,0.0701100122163209,0.036823418113573
"1237",0.232493793958347,0.00172222798811589,0.185445835089176,0.930245525568961,0.0669102535361706,0.0470624892828459
"1238",0.195390997275392,0.00408932333636859,0.15663667231569,0.671556534072632,0.0680946218144865,0.0298541450179498
"1239",0.194064629487669,0.00499281493868768,0.148607975789121,1.00864592425482,0.0712560513072061,0.0202140875001059
"1240",0.263313977303547,0.000909255858715417,0.309707134702349,1.04979816424528,0.0547770872110594,-0.0320175509310373
"1241",0.371137977036682,0.00183563551578616,0.294034409767357,0.839295112677145,0.0591050336389778,-0.00863065586047309
"1242",0.262060747062082,0.00624386143550483,0.387825630661966,1.27541539277504,0.0503103816800136,0.0234917961938259
"1243",0.269481308908792,0.00186987268297711,0.35964770380131,1.1598820671199,0.0542341198563546,0.0028687006757979
"1244",0.308882326512865,0.000944489832669737,0.319208687675474,0.973190884725307,0.0556864405457168,0.010963751115935
"1245",0.274875293289666,0.00358063033276377,0.273874451383001,0.838646944200823,0.0586041100820566,-0.00464085491519761
"1246",0.369587419798665,0.00312414500091291,0.358085648102538,0.783845235610673,0.0588075195128797,0.00424273528537387
"1247",0.392681539356516,0.00178392984415998,0.371857049934402,0.736532685278626,0.0557602955254966,0.0320535920346631
"1248",0.367264978049883,0.00352565165789777,0.298760457001961,0.934490200951503,0.0611964154369194,0.0128569254991521
"1249",0.4127941066072,0.00496189978338437,0.222222984389227,0.830777694987155,0.0657109865995872,0.0274956387664853
"1250",0.360684749400752,0.00488215307548166,0.231566844176103,0.87032141755937,0.0665914540238652,0.0298216561412718
"1251",0.381134091899572,0.00569401239110312,0.223279656376114,0.724860338109799,0.0669708839348381,0.0166869442651788
"1252",0.315371163650335,0.0122854529107867,0.134657697681869,0.955234148285045,0.0718844160519988,0.00426938567451641
"1253",0.330283425266591,0.00775580540691195,0.108300401629443,0.794165304782195,0.0764500189607959,-0.0535779396525001
"1254",0.307696100585858,0.00624864560945758,0.0912798730886403,0.87386459195725,0.0856325803850723,-0.00448221599635315
"1255",0.31014813970965,0.00886243792213226,0.0767578743661593,0.491662454086168,0.0832424073878097,0.0237177046091662
"1256",0.284325663323702,0.0127090615707019,0.12563044928953,1.00963205054738,0.0738381066117545,0.016254160598201
"1257",0.302664116456087,0.00108400260783857,0.148158188288878,0.932711557002503,0.0705263850826771,0.0306564798781707
"1258",0.312661243258367,0.000747012056578908,0.157353785943222,0.743469147965271,0.0707435272622022,0.0189742909117462
"1259",0.238008974791443,0.00588789570798422,0.17794282623361,0.93979089013643,0.0701293920362955,0.035887753973999
"1260",0.25915482712171,0.00825455013738014,0.186393641465836,0.987232039739256,0.0609931919516986,0.029540276280801
"1261",0.237028650706315,0.00935351253268588,0.173638838409165,1.04511367834534,0.0653479094878305,0.0191293508089168
"1262",0.199441273103173,0.00525235526719299,0.171963113950468,1.06265665899246,0.065867825848794,0.0389120840531246
"1263",0.249751425648067,0.00261144571968715,0.147396676605693,0.73745821194333,0.0733718386118844,0.00334992679353087
"1264",0.292021901823559,0.00353133591216958,0.172457261905195,0.68114103862495,0.0685018690977429,0.0126051223729398
"1265",0.260996289966355,0.00514450601678275,0.184571650464948,1.04072403482569,0.0675855892504134,0.00369384629747739
"1266",0.324728829146709,0.000149252339627626,0.314445772280052,1.00318870806214,0.0564357905394952,0.0325734690181416
"1267",0.27842569943496,0.00298083741069767,0.25893015917755,1.03364524757746,0.0599771926831348,0.00306058588879174
"1268",0.306365698581705,0.00344069561251497,0.262220362610869,0.645250695906818,0.0564597046869585,-0.00460465349146285
"1269",0.252273869282939,0.000668219428392028,0.366141157344613,0.678642807555167,0.0507628008260756,0.011727843650183
"1270",0.349537347561991,0.00200657210162371,0.287774909730354,0.780510183460936,0.0557364951447769,0.0129716263507208
"1271",0.283021521891968,0.000170150276925965,0.256217545238779,0.65076653400335,0.0561792996132239,0.0191510754576693
"1272",0.254660544618042,0.00677334281167907,0.331428503580898,1.26613885725231,0.0528717141731194,0.0234727100404067
"1273",0.246466458776295,0.00113140380736867,0.276730255047415,0.833518428199766,0.0579702868515528,-0.0069387306614231
"1274",0.233900266901515,0.00501733128970617,0.329766511677739,1.14206723952871,0.0501869068371375,0.0300318639812507
"1275",0.281821224181622,0.00534358487674829,0.288448877889185,0.860511022329681,0.0603464962722457,0.017454561913845
"1276",0.371868185843796,0.000516476045982432,0.235544402927246,0.687114458725819,0.0629558271164995,-0.000315874769369999
"1277",0.226872936775552,0.00141324911788338,0.21134383139276,0.994872760080052,0.0605227947338631,-0.0144997780607469
"1278",0.263364460030114,0.000552612992346366,0.249235127010314,0.918397514645667,0.0611212112639295,0.0272268198740222
"1279",0.412088752240141,0.00211609451328271,0.15630079627039,0.554079676146191,0.0752349349163852,0.00246664595164411
"1280",0.238199764820058,0.00680931017574059,0.189880024934192,1.42617136242256,0.0645059056402017,0.0352872874246669
"1281",0.222643847768143,0.0121573623939821,0.124153410763135,1.29737236665284,0.0728873775853564,-0.00215088630045646
"1282",0.20865204105613,0.00582419623493964,0.122716038430411,0.82404964460367,0.0743220343849251,-0.0117817987390511
"1283",0.288908535611535,0.000984829757048718,0.110009124526022,0.516835140420093,0.0787325318761257,0.0328341015942761
"1284",0.164712305084176,0.000491703962252016,0.103139562091315,1.15098982848743,0.0767106920332465,-0.000874977382604218
"1285",0.226881375811896,0.000404976127047274,0.174646936631513,1.12181082653916,0.0711290492938548,-0.0183492615010323
"1286",0.218770594715942,0.00690218747238284,0.149307365379435,0.765627318875152,0.0687146450093503,0.0100417434664024
"1287",0.314519458070057,0.00183889856586092,0.144734202302392,0.842841637818181,0.071293624322686,0.0427693174788362
"1288",0.295940098021734,0.0196177227139332,0.110487805436042,1.11942512879713,0.0730291292539046,0.00797569776517728
"1289",0.321211262422026,0.0139523813442532,0.11350795985756,1.19573722902941,0.0775882736778391,-0.00801475046579207
"1290",0.389486649626026,0.00557255108189513,0.102883466693488,0.628330114594699,0.0839138042880486,0.0283273242202394
"1291",0.298857313685826,0.0112808924970174,0.101961014391147,0.913242528334756,0.0769930622592671,0.0409769345093827
"1292",0.237945683468102,0.00992330849105503,0.11681906778727,1.02123570489159,0.0735320233924426,0.0160882953984693
"1293",0.280859834383185,0.0017960715740265,0.128259298460932,0.697697054533131,0.0752120720907191,-0.00427063713609307
"1294",0.269836935577422,0.0101126923607282,0.17683549616144,0.848532773775355,0.0646988085603142,0.0075488385261995
"1295",0.331535277948154,0.00372856658098128,0.211688874628422,0.866643238088042,0.065349477683912,0.02699450651701
"1296",0.323759830430141,0.00754040070108712,0.169692679981265,0.750885888072484,0.0691855959103798,0.0278006026172917
"1297",0.360009766835378,0.00401150290011402,0.181684322936227,0.680994446439045,0.0678188740315815,0.0159596806028949
"1298",0.298660797508903,0.00304652857267834,0.20503305366516,0.978316976671584,0.0628433535749248,0.00151174090589136
"1299",0.377279383743166,0.00176434113099209,0.207339609449469,0.488802156790566,0.0650867285700718,0.0352652388273488
"1300",0.26147658545012,0.00032508571107808,0.168436582259339,0.847837226594501,0.0698963299340208,0.0379363819383787
"1301",0.245381660898693,0.00134714456796773,0.165508199857642,0.966079196357467,0.0681448522041703,0.0341205011546055
"1302",0.249320788555996,0.00263661410061798,0.281743549924437,0.975385665415802,0.0567427426847849,0.0303588350419321
"1303",0.249980142759076,0.000852073222940941,0.280178463017472,0.860391797534413,0.0608161865454073,-0.00407561559451512
"1304",0.372257362412701,0.00108458618745149,0.341700399499101,0.875167352712201,0.0552834576108864,0.014563192644531
"1305",0.249143080027549,0.00776613634538585,0.214021227306761,1.17062471371157,0.05960987207658,0.0308407441088766
"1306",0.25324296382619,0.0015354937478149,0.243598667436119,1.09447854855384,0.0604378393424818,0.0334692126523218
"1307",0.338255376548604,0.00447264509082393,0.181746355116846,0.708686403338427,0.0640102996235972,0.0162624745193746
"1308",0.260093708439921,0.00540412212630852,0.117879579721354,0.845274344161637,0.0792238044857942,-0.00207132923800295
"1309",0.253756319089219,0.00611478051558889,0.124397396722668,0.918949381484161,0.0712894845000289,0.0366986872214477
"1310",0.232696574014201,0.00108181203870039,0.219172259398316,0.87071511379556,0.0609748923494784,0.0140155596901204
"1311",0.266507923154594,0.000345542667895299,0.250360054576349,0.670042305178683,0.0601547487794266,0.0187887504039456
"1312",0.331253427283846,0.000935669115191831,0.32036655192005,0.763050612401766,0.0539701375075658,-0.0229006677976376
"1313",0.282539383208813,0.00191196716465211,0.216057731944275,0.84780422951027,0.063531471343669,0.0337118600133025
"1314",0.2007746687827,0.00074506071952744,0.220222219474573,1.05378865000362,0.0585644909574961,0.0185882584884405
"1315",0.203009320009147,0.00166060867674691,0.289619506974901,1.08124340011316,0.0569412633865594,0.0408348840063332
"1316",0.27142809594564,0.0024330937658802,0.206311480754303,0.854735687857187,0.0651994601785792,0.0467317072932971
"1317",0.243035294240924,0.00472026016378733,0.214030438105855,1.24044479966764,0.0643129395095979,0.00646942932858005
"1318",0.298285907693473,0.000747017155585382,0.250120959456973,0.81988211002256,0.0654853592104291,-0.0267738815263409
"1319",0.42592671849588,0.00953758515283221,0.224905225103235,0.656029328942867,0.0635580398532107,-0.0305165671837796
"1320",0.351070995552834,0.00453300061765421,0.292706278417001,0.875662056959964,0.056502350636697,0.0129247625200295
"1321",0.246350951815078,0.00706159818134822,0.186819837273434,1.05592169228658,0.0631773933285593,0.0140667862309518
"1322",0.264263326687569,0.00108640442689204,0.209978174068567,0.898036991407674,0.0630949289754068,0.0362599937055665
"1323",0.330170523157174,0.00305573229796364,0.218160572518261,0.856668541775823,0.0686841173431567,0.00216557093935372
"1324",0.359545921359468,0.0117639455162591,0.175991816149907,0.635338888910885,0.0702643212055526,0.00378015114439444
"1325",0.342141852329565,0.00311044229440651,0.167787123587478,0.598324324741178,0.0689566874516158,-0.00402953152061958
"1326",0.288328581897914,0.000918036094644745,0.188747830001844,0.706462362104891,0.06952497440411,-0.022429320555081
"1327",0.316694906497814,0.00956972492939903,0.14251009152203,0.909234151828706,0.0693148780880821,0.0208673338905323
"1328",0.270748317157947,0.000341527826645147,0.257847744624775,1.02190948605717,0.0614615107674014,0.0119648845960606
"1329",0.285334850226974,0.00273436347050642,0.214326728935993,0.737561815529645,0.0648416319314292,0.0281423105297323
"1330",0.358534801489473,0.00328176424975037,0.14901349703759,0.687626563679957,0.0732606311586138,0.0155418560234248
"1331",0.27797881018891,0.00812403955449755,0.145423964512045,0.866765496307305,0.0739490418143539,0.0442821420484539
"1332",0.253302201326612,0.011645549127234,0.124205536361661,0.891919246081606,0.0715895260213231,0.0198727707376664
"1333",0.318189724327011,0.0118280276213251,0.133130218935725,0.761967880368967,0.075825583264793,-0.0109535750568498
"1334",0.289666072858012,0.0169080308023188,0.0918810766539751,1.05958472432108,0.0751258988403589,0.0295287878744001
"1335",0.237835659316912,0.0193111669677827,0.0722492464177035,1.68059461959847,0.0739655748786773,0.0151931879709949
"1336",0.317565536978643,0.00928325036310371,0.181906440195151,1.25574743805554,0.0677551529769728,0.00615457662998889
"1337",0.295399187950138,0.00255632944545809,0.15238265293341,0.822391510341847,0.0735484916760659,0.0151196494421677
"1338",0.333001949965545,0.00146424278717679,0.211787343399609,0.692904141460676,0.0637158167634994,0.00955104622139293
"1339",0.367981007865134,0.00330576018676049,0.233991782379406,0.679786176928006,0.064835418185794,0.00853778473857835
"1340",0.317992920874874,0.000266010527203862,0.213872591062714,0.831855037499111,0.0677624258394142,0.0137341355060405
"1341",0.41506620373947,0.00391566946579598,0.145380221893431,0.643695891253489,0.0761902720228306,0.0188441343590908
"1342",0.234169778411203,0.00186336246221377,0.10934945454971,0.757488423328519,0.0772079109230658,0.0313519147560879
"1343",0.307312290532711,0.00154310939637137,0.136731397888697,0.688563584485979,0.0735557842135743,0.0278332915843568
"1344",0.361940856780399,0.0115436267628971,0.0884451269191808,0.896836120811475,0.0819481777188902,0.00792974478994718
"1345",0.391576026976168,0.0116722433904438,0.0836120574360615,0.740687245087296,0.0848675411400878,-0.00365597768616728
"1346",0.382956508622092,0.010911090684204,0.0954946161964109,0.739510939870206,0.0830327013474293,0.0116263683429425
"1347",0.314850918418078,0.00312709381160273,0.15282510101421,0.728770347022546,0.0708566451712429,0.0389556867200573
"1348",0.255209355759291,0.0108310489309869,0.180092451070214,1.23859102898234,0.0678114919016847,0.0091649224763912
"1349",0.210667247519284,0.0124623673744069,0.10758326996147,1.07083523474645,0.0778368921194058,0.0423999520970917
"1350",0.330548832608921,0.00311510267957464,0.174637858379306,0.72911896253748,0.0693740497966969,-0.0249605973190868
"1351",0.244760312552062,0.00016393305348135,0.146075238837852,0.723889897171814,0.0718869373909948,0.0329382524876846
"1352",0.278200906999378,0.00167606955305389,0.184099800356694,0.681585663237187,0.065840507841987,0.0307460310116332
"1353",0.326912303750979,0.00385676995583047,0.200197764518247,0.950422705231253,0.0679932948826729,0.0213223970995762
"1354",0.313026279506739,0.00811735623774767,0.186705232056514,0.956836443394697,0.0636622421913937,-0.00470477814727865
"1355",0.240409617907618,0.00952751766261972,0.148183711380026,0.962639811644369,0.0723150924507056,0.0447217941747047
"1356",0.253947896073673,0.00112855436354808,0.153075101835762,0.790368188543101,0.0708586814903953,0.0299962420942456
"1357",0.321576045329296,0.0149098564901416,0.147968281079501,1.21102876569098,0.0706013939507417,0.0234997619474265
"1358",0.252097182767691,0.00273429272149602,0.134000808755221,0.887514419723815,0.0704203881839373,0.0384155717104612
"1359",0.332306514270286,0.0126228968136645,0.161485578934256,1.07795871374188,0.0698513692953794,0.00764261043600952
"1360",0.320669464542825,0.00616693636202074,0.122988860709383,0.957913347481433,0.07835088257649,0.0200646602662335
"1361",0.350087397800372,0.0024834598084714,0.119696759626724,0.768307317027394,0.078272176410368,0.000493225628519034
"1362",0.295362392527449,0.00899485318037232,0.166712137437007,1.10982025996617,0.0690379018177167,0.0263388523558233
"1363",0.286642045800273,0.00265119745209892,0.20948318686136,0.901614376380175,0.0645343168307782,0.0354282543311447
"1364",0.255329723440769,0.00183150519377149,0.19443287603716,1.02767411243029,0.0669036326644823,0.0201697129041486
"1365",0.253357470126197,0.0139019950516406,0.104593245337309,1.20351291800183,0.0799025125166366,0.0402700247198793
"1366",0.286185090747797,0.000839387831829836,0.144530974076546,0.682410760077835,0.0713871631757678,-0.0216364772936565
"1367",0.277740207145259,0.0039200021660671,0.124603236014937,0.749409468057246,0.0706914021607881,0.0238983637331036
"1368",0.261512050952793,0.00924819177943343,0.113052658096719,0.842809200117966,0.0813080198118425,0.0223674846574967
"1369",0.226997282671441,0.0106807155441604,0.108919893406465,1.09984116696626,0.0763194311698224,0.046683953975469
"1370",0.238127000838365,0.00505839818844724,0.110027982764939,0.928471390331282,0.0755834796306796,0.0413964877383073
"1371",0.207382903592191,0.00344310268989773,0.096765196445051,0.937831365216307,0.0773380579480508,0.0297464713438364
"1372",0.207152618804431,0.0178714024288184,0.082440083424511,1.36674188293236,0.0784932669700653,0.0150138751559392
"1373",0.194747896379285,0.0112430298435975,0.122612484880032,0.946987995280688,0.0709542464682388,0.0382862924437495
"1374",0.324336623035167,0.00169395033562068,0.207553984013269,0.947575109336436,0.0683756427750968,0.0213283202532432
"1375",0.26762329756334,0.00559687502461618,0.11448373064187,0.884691287414283,0.0789667519687713,0.0480172966661871
"1376",0.325797317083741,0.00438118438980592,0.0896724114408707,0.749176287648366,0.0825509008318685,0.0383987292180335
"1377",0.252827095971942,0.00289969894866045,0.18516590797516,0.911799271559687,0.0666631419192758,0.0181408490130221
"1378",0.248600041166749,0.00253157157538129,0.188385557048959,0.869390548190274,0.0652600577985968,0.0310344967828092
"1379",0.311108631021336,0.00100768445098159,0.176234918540422,0.857130352159251,0.06604526397026,0.0308691358137683
"1380",0.219135576914202,0.00450356244346956,0.13721959653556,1.15710375836219,0.0694517783854541,0.0280198360513533
"1381",0.201564059458272,0.00257355778346964,0.223666528354989,0.885330134069983,0.0624295637095843,0.0265257811275701
"1382",0.296262172815587,0.00292866718703945,0.167458625458814,0.671790447630317,0.0696668438540142,0.0404710674157008
"1383",0.326481056487724,0.000433216639150272,0.185753769604611,0.672448899233234,0.0674591656613016,0.0232838879439276
"1384",0.193296855138473,0.00107893382158566,0.208082807222865,1.31045486365147,0.0634931219238595,0.0236329610069682
"1385",0.210889120593066,0.00316229005404079,0.236842628326203,0.912612977066538,0.0550539334133516,0.0205360098917631
"1386",0.232325413652881,0.00485373152999186,0.225805675973988,0.91165414877167,0.0625639976130448,0.00324853760547261
"1387",0.291858199641313,0.00690519363834973,0.14105481073627,0.806512371136807,0.0684517836507374,0.0469137096133498
"1388",0.296284346043971,0.00319365265892822,0.193551677655086,0.807794133957166,0.0662131865821958,-0.00712222669977203
"1389",0.305027889374862,0.00441942670550061,0.189214865067149,1.0496937882559,0.069208983238496,0.0403764459582081
"1390",0.266651207946385,0.000957487312855048,0.168690637466315,0.894709797974914,0.0678653904937974,-2.32962107998003e-05
"1391",0.227072565109989,0.00660081253880633,0.137971490768049,1.07493703697485,0.071872169923523,-0.0313606711862517
"1392",0.169230201731529,0.00936912220867934,0.095577477810427,1.56331102089907,0.0774260429728458,0.0411235418193469
"1393",0.173904895062077,0.00571214028514197,0.0747222471289611,0.901154608768731,0.0872577504918585,0.0149096639877984
"1394",0.23825645008144,0.00569697659157175,0.0799965858717909,0.755976458863643,0.0852597500405425,0.0413164792734389
"1395",0.23193307913261,0.00441664634024129,0.071074273702262,0.671779498040563,0.0873342379762343,0.0392354828897242
"1396",0.297053826940331,0.0072323024155239,0.0975493334612813,0.670719077479085,0.0753533076301573,0.0168589115595711
"1397",0.278808281531567,0.0175206546083551,0.114996797596333,1.32447874457621,0.075317596292627,0.0481809217921766
"1398",0.23593654104313,0.00699751380651488,0.181498338615293,1.1340542020401,0.0679272897236881,0.0151027429052116
"1399",0.257572886823662,0.00296332263885682,0.187774557074412,0.812518335620332,0.0674899149892366,-0.0244832574942601
"1400",0.204663855069717,0.00368731449978013,0.290418818052168,0.988878558141167,0.0565928531409311,0.0383613326979345
"1401",0.373736706031118,0.00123246641001126,0.222149994128389,0.738989294307967,0.0612028536779736,0.013992748267786
"1402",0.316579493196028,0.000149067757742176,0.29881650056856,0.757490267006206,0.0608346392320265,-0.00719609929331416
"1403",0.35974864700994,0.00149508658723759,0.323563844895193,0.77824122760672,0.0600298489865331,-0.00304394417385967
"1404",0.362328707912009,0.00116977291503139,0.256521865154397,0.659329049426771,0.059914663952041,0.0214750621420965
"1405",0.372790596058337,0.00359537890285251,0.164849492222679,0.639496796710844,0.0764218544990828,0.0169554126957773
"1406",0.247714297514394,0.00750471517201463,0.213185572873604,0.940940724754402,0.0611795814308946,0.00854217322422173
"1407",0.28904270437162,0.000569952895901328,0.213497467918435,0.730481563373491,0.0651687085325199,0.0352340953791681
"1408",0.337020160429483,0.00187690456883081,0.175842011176332,0.744943791195841,0.0733006584870076,0.0183974830489565
"1409",0.321164151241295,0.00799194437892485,0.163694897795622,0.880159732333174,0.0716948153200347,0.0326176034991361
"1410",0.30256443830725,0.00410120372141498,0.261611138010256,0.889874070939289,0.0602126272020596,0.00406283915121488
"1411",0.358086697459338,0.00504695568765,0.249602862329028,0.783763371940786,0.0620792115660389,0.0199862126755165
"1412",0.359231563920225,0.00690269881876171,0.292900105806954,0.907030040675591,0.0549332098777623,0.00266435959765441
"1413",0.278766409644513,0.00165992655722623,0.272054591951505,0.89346066069997,0.0608990567934236,0.0150884878520533
"1414",0.29611387336859,0.0070079382021361,0.260668678971433,1.07242975656945,0.0594210994773884,0.00354442441260091
"1415",0.312469000938659,0.00226307577276988,0.244282246941537,0.666625987215815,0.0614124476168217,0.0135024679582667
"1416",0.352084185828183,0.00999021349788005,0.198662090290778,0.650823281005512,0.0682622827347418,-0.00598532219940528
"1417",0.276236394679721,0.00966877905297702,0.186220619302711,0.838214170274451,0.0634436872183552,0.0146068695290039
"1418",0.318320080289776,0.000421272239834168,0.165565933237039,0.781040310375158,0.0722993735115561,0.0247984723528817
"1419",0.323905435021399,0.00475172804453843,0.242400877485457,0.846521587332465,0.0601997826390197,-0.00150821769926677
"1420",0.309483974506797,0.00814732654653648,0.224914601151298,0.834473501514316,0.0611719523507951,0.0125231332747456
"1421",0.263251245980685,0.00379893203299321,0.317686427996347,0.862459991375552,0.0565490321267887,0.0280309566460784
"1422",0.327456285287451,0.00955239576736956,0.283261879807266,0.725913460175953,0.056781054777351,0.00936842643227815
"1423",0.340025989005287,0.00234058514396869,0.167179769229654,0.631658287457343,0.0685445814625522,0.0152827388416823
"1424",0.264252583473522,0.000953901927280736,0.187277294839297,0.67424596800338,0.0686593952547345,0.0232998473486836
"1425",0.259317170387438,0.00596741990410832,0.123139029284407,0.879209255242535,0.0772901299382017,0.03163944312089
"1426",0.335891911688429,0.00312395357607804,0.218823106141946,0.777083960694644,0.0628417341922832,0.034733731633175
"1427",0.232489362896027,0.00209821104330267,0.199341590678844,1.07005433432929,0.0673505593178348,0.0207975049860978
"1428",0.257862556803163,0.00971156288510472,0.136362130519564,1.1881385671279,0.072210678843808,0.044921720193646
"1429",0.296257277071999,0.00766761498866688,0.221093897241312,0.821824433944182,0.0586653499395896,0.0181015244692491
"1430",0.353933094834003,0.00233124993151153,0.219957670048316,0.703070430394021,0.0621887095586567,-0.0429588335120318
"1431",0.291925924647184,0.00100209329139189,0.200854275915037,0.887973129921579,0.0644433405558342,-0.0299861209610639
"1432",0.19880380615113,0.00847104674535422,0.276834105090224,1.33596881540027,0.0576559649562618,0.00608986193245343
"1433",0.266722357572436,0.000265313198873267,0.288537539467995,0.709337776994444,0.0544341228499991,0.0245262175883111
"1434",0.336769585792556,0.00380448727056204,0.255512826512195,0.863363683222382,0.059478963739127,0.0176606580890823
"1435",0.31365266576686,0.00339127386514887,0.235301571720173,0.843572709573158,0.0635102233611668,0.0346049471930954
"1436",0.328368911520603,0.00266621605620965,0.19910532004025,0.899692959944869,0.0682912728448979,0.020909395975562
"1437",0.271727837071604,0.000573181073196264,0.294800073772446,1.02960594993557,0.0558830455526194,0.019579493689668
"1438",0.265286416789646,0.00068374642723187,0.284444183182991,0.736331890942968,0.0569695387921463,0.0137995733258456
"1439",0.3173820904759,0.000584632671383346,0.234506097190264,0.811868204112663,0.0626963929209502,0.0436490405333857
"1440",0.310968472012368,0.00678563549393281,0.203289875461859,0.776489935362382,0.0656884724268742,0.0120303865892567
"1441",0.364441828526603,0.00873421250784289,0.205666215349723,0.744457609411406,0.0656569598906249,0.0254915818135179
"1442",0.358881257510293,0.00395244158294268,0.121425431649945,0.634041332383697,0.0756844415912288,-0.00247643498409032
"1443",0.315029380342354,0.00275777150073177,0.19016119909693,0.73616912638793,0.0654515403657398,0.0169889758382247
"1444",0.326315632830855,0.00103989269717798,0.201305186089026,0.822820089227791,0.0681794176092442,0.00312567757520161
"1445",0.301513460442964,0.00641216008939278,0.218279541999891,1.05962784667014,0.0596341923305934,-0.000144542566302246
"1446",0.30572034968339,0.00047478017786277,0.192001325660953,0.753470026163451,0.0650301661645538,0.0282286066095657
"1447",0.293331883471047,0.00196932354981409,0.171030374420976,0.716124171712296,0.0697773033782534,0.0181951688117235
"1448",0.253768170661506,0.00225322572574202,0.225091356418826,0.934597287287281,0.0604229945011063,0.0193074311984418
"1449",0.336360116995819,0.00282138100314579,0.164837377687472,0.829141626652351,0.0713574927831896,0.0296962277156339
"1450",0.246677847073108,0.0005939495623359,0.20272678870775,0.827035666986583,0.0604645248576323,0.0295383361249629
"1451",0.187754506536409,0.000433354942764942,0.236830700172191,1.230126781335,0.0612634685942111,0.0405508008154044
"1452",0.197699484394432,0.00666627876291344,0.208262490216509,1.49314239961116,0.0599269690237457,0.00424114891571602
"1453",0.298153382514479,0.00387123813257284,0.183256195261873,0.643597422309454,0.0674913277723006,0.0127609732903653
"1454",0.273920172842854,0.00383450369729023,0.241724206514624,0.863189133829244,0.0600194958256156,0.0169239124724368
"1455",0.287500466345445,0.000396360297073818,0.231198954082061,0.773723216563802,0.0632933019086869,0.0430985780279008
"1456",0.246376483058815,0.000454686723517152,0.186396209874647,0.85398303228741,0.0661652514065122,0.0322512995916064
"1457",0.274850290231711,0.00175817012309313,0.209394714229529,0.827240720721483,0.0676426077446182,0.0103912030418706
"1458",0.262949948801389,0.00221740103883922,0.168269369287679,0.931479432578706,0.0723209506309692,0.0413630517181622
"1459",0.303285415889036,0.000108373252675368,0.282043139827485,0.605345642166389,0.0564495566530612,0.0368174724958424
"1460",0.208785242094777,0.00274308638167908,0.216428093783712,0.954346142684351,0.0605763104728188,0.0117413844225672
"1461",0.205926825156488,0.00114595575448058,0.20438737456628,0.744255557178523,0.0621347716274164,0.0312847121579001
"1462",0.323334607908186,0.00153333727707889,0.279340684222097,0.762909857506769,0.0592655847839026,0.00959081596109221
"1463",0.335151404432786,0.00055781970332715,0.230237702997647,0.720847957695661,0.0630650340464244,0.0337564804948597
"1464",0.20289673354789,0.00359798687992258,0.316139047451514,1.30659620475621,0.0515894554057224,0.0466187205467689
"1465",0.302939019346276,0.000346330387424982,0.27149532342191,0.940792233345438,0.0591540417846159,-0.00333851131569971
"1466",0.224404183209594,0.00384015625823579,0.246320677159917,0.764766665891744,0.0585406083031959,0.0249416885315046
"1467",0.375727874474107,0.00364844263394275,0.233986225476633,0.712288812927465,0.0648907036656402,0.00101185199621311
"1468",0.410652461223207,0.00163368281625114,0.178491925745879,0.61472458307137,0.0698795844279453,-0.0191413059756468
"1469",0.352795849896263,0.000239140315316667,0.208008968064893,0.570426507436119,0.0651765008356163,0.0103516989883632
"1470",0.328323458274471,0.00581585967740149,0.194834324979109,0.761518888388231,0.0658710122369285,0.028244208091811
"1471",0.411957625621288,0.00475207312227616,0.153189708261971,0.644633938147374,0.0700470857840531,0.00361619625420934
"1472",0.350334066004824,0.00204948177672877,0.165879145294753,0.714623261891729,0.0696204908061143,0.0237182905189543
"1473",0.30076519614095,0.00228992276743629,0.193339853313738,0.966065819395885,0.0663819420536342,0.0360082876159461
"1474",0.277455241647516,0.00918252958346037,0.22067114301157,0.966645020026357,0.0591824968091279,0.00503824853196924
"1475",0.364796746641771,0.000995633697344402,0.264422146641829,0.63523722917622,0.0593654585464417,0.0180388839456351
"1476",0.270168592471689,0.000822864227411549,0.347300277819879,1.08283345450125,0.0533272595941593,0.00785976664006868
"1477",0.306106929487284,0.00196490022760163,0.348692999175288,0.917238304486956,0.055844665972149,0.0356465006909606
"1478",0.332382006994253,0.000971008049769167,0.285175459767545,0.777109210973162,0.0581034026353604,0.019032849655069
"1479",0.284510525690887,0.000462856163671816,0.218626546267839,0.695870175639273,0.064632348497287,0.00879785407027806
"1480",0.381786543690951,0.00150038552067375,0.250118209024285,0.565665207504009,0.0646082177866811,0.0109686532337146
"1481",0.352692365501648,0.00104362512920032,0.224367649509748,0.71324800154609,0.0661180664861299,0.0130678688575608
"1482",0.28895967880607,0.00147062836328586,0.174725743610533,0.82433271153925,0.0725383638413516,0.0247137833366241
"1483",0.230244518678192,0.00845386650279135,0.11942892629069,0.897460919051358,0.0753840352119085,0.0406411918573419
"1484",0.383141511934651,0.00229073836606105,0.145720664769629,0.750099594830539,0.0757473382297095,0.00714088794383123
"1485",0.401605462166638,0.0100571225443538,0.140108685837432,0.585871012355187,0.0724902067904691,0.032079075254767
"1486",0.328792684199931,0.00623703486499505,0.135884026197865,0.664083570048951,0.070496847348485,-0.0196002603959172
"1487",0.247267559723982,0.00694844155960786,0.149074850230032,0.889062991569311,0.0712741051771776,0.0360280745604473
"1488",0.222869829801238,0.00621308630752776,0.231304670015201,0.970324385034331,0.0580154306581879,0.00611400623553811
"1489",0.25743095161153,0.00310104061576496,0.227612680804051,0.923733998510212,0.0619221018262243,0.0410336138199005
"1490",0.249523406913152,0.00151373932610728,0.207438011586924,0.881096260245411,0.0614930369901775,0.02978602828942
"1491",0.308668969852779,0.010719489693402,0.12728168101546,0.654843646299724,0.0752212297775229,0.0184253087583247
"1492",0.311742931675309,0.00456713779010881,0.13323186761195,0.646868189558017,0.0700109948459285,0.0359965953768468
"1493",0.313021011153244,0.00185456362032735,0.155020626931563,0.760647220110624,0.0709251673754186,0.0176616852457001
"1494",0.289653749486603,0.00258721745937709,0.240707095574847,1.01334965671412,0.0618137794910826,0.0162824981619709
"1495",0.28984566395795,0.00698415461343152,0.222190314152142,0.932983164184992,0.063982220636797,0.0214400489556812
"1496",0.299154359225063,0.00273921096967872,0.236165333575395,0.947710642341167,0.0597783036943121,0.0347821438144672
"1497",0.230617639192645,0.00427956684628567,0.162326583279394,0.766120090758499,0.0648566288837996,0.0292564931416554
"1498",0.313319770194332,0.000536111429668156,0.298465763356913,0.849569514034131,0.0572621703566622,-0.00140012896103619
"1499",0.282606414915843,0.00248626434201708,0.231568247826435,1.05963752903403,0.0601732144376251,0.0344781844061452
"1500",0.284279491421682,0.000945413185480271,0.240959971733994,0.966736573309757,0.061670376448156,-0.000285710619445472
"1501",0.338862247401067,0.00225096796756872,0.219218983535171,0.787259507990143,0.0666360363810273,0.0117055746136795
"1502",0.225929063366598,0.00134730617913222,0.13796434144882,0.66406563586932,0.069551410915814,0.0370795438037619
"1503",0.393263933974439,0.00104485822549381,0.128226043244231,0.761933696183147,0.0732857245564112,0.0447737695549461
"1504",0.179363008165355,0.00373202436922755,0.130256063122708,0.975063465646089,0.073106513138731,0.0278453298028168
"1505",0.242101763083221,0.00295804633701814,0.17061506000915,0.843033249968973,0.0713703053646392,0.0087850134427492
"1506",0.264399334094002,0.00454033481163496,0.198836655331427,0.992714638656389,0.0672001899836782,0.0280203543708626
"1507",0.287632962083394,0.00267119476814198,0.206701598979774,0.764154799494543,0.0616191379187895,0.0271108695446083
"1508",0.199038533979831,0.00140870211490388,0.197402243829436,1.20381443111408,0.0662937899753624,0.0483476132136344
"1509",0.289128749865638,0.00021934319799895,0.183461489505627,0.879951805056176,0.064165016257258,0.0364039353311947
"1510",0.300135837281557,0.00472154159343911,0.1728297802744,0.775145402073929,0.0695668445298053,0.016822994294034
"1511",0.289047733806437,0.00764488983833422,0.120826067168829,0.89445099135715,0.0804819761932546,-0.000854853824111323
"1512",0.269912642589828,0.00417015577082336,0.0915826117313591,0.63178013029019,0.083082162388792,-0.015220647467638
"1513",0.217341950160039,0.00457496435187555,0.0930086207814262,0.9762562601095,0.0794679212282846,0.0086537943428365
"1514",0.255340098860049,0.0152452218386437,0.122062970277059,1.29524259645049,0.0686282898427218,0.0235502526025873
"1515",0.31488511941496,0.00483823403297512,0.148964097273327,0.678094445422715,0.0747462144771592,0.0116354558285251
"1516",0.436512946229633,0.00116820003746985,0.240825221192239,0.633721922785231,0.0641284831386008,0.0230318978624436
"1517",0.277129009977359,0.0031951183315996,0.219116522512004,1.00367353970752,0.0626257112067646,0.040417294657663
"1518",0.32564558127709,0.000576255658554972,0.371196762846752,1.23656093066674,0.0557471323634974,-0.0126514701752673
"1519",0.251305967238182,0.00205140476288867,0.270388451727072,1.12954336560451,0.0577405944654333,0.026649515129887
"1520",0.384682016067778,0.00383789199720978,0.347713604054816,0.823035542600061,0.0561245605246684,0.0199436533758323
"1521",0.314352757800336,0.000127128467493027,0.294299228404076,0.873354762550386,0.0582029058664933,0.0167334199178847
"1522",0.289629252394374,0.00330466679207608,0.216644009812604,0.904224063513355,0.0666456196735563,0.0148907544184999
"1523",0.297596422380563,0.00554453892999822,0.180882272551007,0.828808596076122,0.066194900045963,-0.0239081363091425
"1524",0.287057384594792,0.0014433749194552,0.282095466225365,1.03956056813778,0.0596707782567264,0.0186833085657471
"1525",0.459174892372974,0.0021131274466998,0.386009349528988,0.627895920111025,0.050967417537701,-0.0039193695584764
"1526",0.325124426714939,0.000610784785271125,0.427432673854563,0.934817175631548,0.048764843768665,0.00800869540995178
"1527",0.265030773064275,0.00220504387149227,0.226980437430501,0.656741370515649,0.0628750891876769,0.0156507952718309
"1528",0.255613116305141,0.00348599271349938,0.120927352031274,0.854923077157132,0.0748068990696382,0.0430421432829175
"1529",0.296697169913046,0.00147482409893814,0.141805559243069,0.707280657524503,0.0739989348102079,0.0121583256751851
"1530",0.245559118423963,0.00162858836211483,0.107953725335692,0.669335815281251,0.0765678804205272,0.0314496424624946
"1531",0.244647701158013,0.00296379860561494,0.131595450433436,0.675781743607599,0.0739251803135699,0.032726913975761
"1532",0.334598130404121,0.00195496400995947,0.192582609342617,0.628950735335145,0.0700601047557205,0.0365484535372828
"1533",0.218090350275174,0.00159752539340115,0.178472641650911,1.02626021078279,0.0705757765420292,0.0140318722638294
"1534",0.218222180017837,0.00282105855854096,0.188482477628681,0.813821166932743,0.0631214145928301,0.0314381324002798
"1535",0.236106967483738,0.000613776711277343,0.244008438073292,1.41195798935216,0.0639569744867574,0.0408788168664586
"1536",0.26096699585945,0.00548466555918201,0.132061345585184,0.877846573924397,0.0704155138836679,0.0119848105797634
"1537",0.299681758802284,0.00769697739097192,0.216330563754416,1.08808917887719,0.0620811266961014,0.0315463399913323
"1538",0.206552747481398,0.00211216015817038,0.189048624290099,1.01969569338153,0.0621396520564346,0.0222509067242366
"1539",0.25929861576969,0.00873699925107182,0.125875506483004,0.969338138732504,0.07430745079675,0.0146640765121483
"1540",0.255217582244287,0.00924253292034831,0.162428250437183,1.08748502718335,0.0706641560123919,0.0169726099374637
"1541",0.331086810240593,0.00700724160717318,0.179588052500916,0.844610976236236,0.066039109175442,0.0186978417204909
"1542",0.293543335463468,0.00124081163463375,0.222236082227342,0.847559243157927,0.0658963774592145,0.0461356782122941
"1543",0.264463192682466,0.00153831884677378,0.217911613318379,0.94000857301533,0.064271500390444,0.0283302086525666
"1544",0.285799512072854,0.00434764093064107,0.175244391385291,0.828429032576508,0.0702047086132296,0.0248629189456913
"1545",0.302012894122453,0.00100606265248732,0.131525631712004,0.823998129515643,0.0799466779806831,0.00349274380895261
"1546",0.252858896579222,0.0167277130515454,0.0709981397720433,0.753883364156131,0.0868170424012924,0.0446430490133438
"1547",0.339441811256892,0.0115709895845228,0.11868046387129,0.746721026833546,0.0742802753272482,0.020999888013544
"1548",0.304620019784542,0.00674770574250981,0.248210887648585,0.964289344925788,0.0599783669492768,0.0224401623609031
"1549",0.294095468280728,0.00207585643702287,0.280920806880359,0.737830302618252,0.0575547066267161,0.00195759375185957
"1550",0.282300732675434,0.00401052415796473,0.239965404100429,0.836944037127639,0.0596418790575254,0.0267994840635869
"1551",0.218452055354367,0.00132373869758681,0.26946882857124,1.02620500802044,0.0573465673807809,-0.0166127166035767
"1552",0.291130848831312,0.00338005765160763,0.285772207513952,0.698475763132619,0.0549300235834117,0.027645413546358
"1553",0.343749903134906,0.000534133280519716,0.29710656586373,0.629795884969813,0.059754893454297,0.0409107453508316
"1554",0.364332735374212,0.00105671066220266,0.297688040545042,0.692096269406045,0.0567277672627866,0.0354689426417199
"1555",0.261332189329485,0.000867704419684117,0.245812231913381,0.841966409224685,0.0632990465008344,0.00346922223862261
"1556",0.296276396052947,0.000787428375244302,0.201620579167907,0.992165006962145,0.068415166217539,0.000126558964499644
"1557",0.297696960255754,0.000283091253741098,0.163974559313764,0.85185607507568,0.0722700355273552,0.0139833314768488
"1558",0.226838265937303,0.00281960269454045,0.154322007574029,0.991531367308377,0.0714458896176505,0.0386725689017986
"1559",0.242165179905372,0.0017223921150841,0.224037886655404,0.840961871394018,0.0625380360010847,0.013998121590059
"1560",0.280352307721822,0.00305273770131911,0.183858340464972,0.844175352129964,0.0703497412238693,0.0221176089298112
"1561",0.247535044679257,0.00520929166765385,0.125141982649726,0.713396308973033,0.0693786963734299,0.0406543799001536
"1562",0.286852748703782,0.000177410768589303,0.15971964625216,0.763892241996069,0.0673979371363174,0.043329965622852
"1563",0.220784923931614,0.00417689027406647,0.164513872105887,0.911962382618662,0.063129818384061,0.0384562616366288
"1564",0.188007042718234,0.00363062583617042,0.229709936732283,0.827234633978724,0.0585893449316862,0.0310198643974518
"1565",0.275143357670202,0.00288346532416459,0.163448886521803,0.792189682593778,0.071678852520421,0.0216726402897606
"1566",0.32468371892507,0.00630014782236897,0.172223582832468,0.940926554598487,0.065702623080797,-0.0135171803889859
"1567",0.231180631994129,0.000597036760281679,0.222914415046138,0.901588813769326,0.0623928821313173,0.0400947480436448
"1568",0.267470108707929,0.000247519251247537,0.254901061179274,0.955596186721344,0.0578536469521878,0.0176906042314802
"1569",0.25691752471477,0.00255324740741047,0.187355609458862,0.733689332404546,0.0666036448559053,0.00855516141517289
"1570",0.236116658318231,0.00575310339471688,0.185024985513207,1.09964142737586,0.0662958119937984,0.00686405386701314
"1571",0.349384225702496,0.00158273885035097,0.233462014838073,0.619435514299668,0.0628435539382826,-0.00628053302272165
"1572",0.386994056361896,0.00431186410355042,0.289419460367626,0.637919988577416,0.0600113320207317,0.0124981222564497
"1573",0.531243349906356,0.00131426138061518,0.26877666354267,0.785822028367237,0.0672161523586338,-0.00231797145454691
"1574",0.350661008021646,0.00130179641119959,0.252255269743812,0.867317300186512,0.064789631806549,-0.0153520135395233
"1575",0.344857605052116,0.00680937353172273,0.248034032157305,0.855492141813505,0.0627531258062096,-0.00267461825155921
"1576",0.317199315172847,0.00249365628101628,0.230502673128939,0.845477561075369,0.0632197533633106,0.0124531780838146
"1577",0.301094084498648,0.000857928222411149,0.306686942174958,0.916263452937969,0.0538852478412502,-0.0127211875521001
"1578",0.254838105204288,0.00122677746662818,0.303783021357209,1.08898882254739,0.0536290986238416,0.0143021230095941
"1579",0.21566323933778,0.00234052874569516,0.272204536534332,0.87311111497251,0.0573915889577343,0.0250806448460046
"1580",0.285741095270239,0.00589297834852872,0.312461911027905,1.15763637311295,0.0548496039832811,0.012025972310603
"1581",0.311119038435328,0.000431206136330321,0.265878666943223,0.82613152291186,0.0636657699790261,0.0164699786825434
"1582",0.221245148105735,0.00143595997380141,0.290043625202704,1.10263556047548,0.0522771775425206,-0.000800973223510512
"1583",0.264999048739405,0.000362138357800901,0.433335134323477,1.08709147585794,0.0504322592750591,0.0115953273351814
"1584",0.347609309811801,0.000700445541983252,0.329385072401248,0.692105728475195,0.0532749280325779,0.012584161030433
"1585",0.386655442089969,0.00434227133058833,0.258438350340414,0.811066731293941,0.060842794290943,0.0110736829183891
"1586",0.30736194983092,0.00347705268769538,0.298932016829336,0.889451688636936,0.0573244103973422,0.0168318254996785
"1587",0.323309312708183,0.00165723204923854,0.217293619727061,0.671086243535262,0.0660460546510267,0.00914778972882348
"1588",0.303175104365394,0.00525531891621782,0.180760702611214,0.918920644774308,0.0690798403197845,0.017885697504481
"1589",0.248555032752842,0.000206352254008052,0.199801236288203,0.766801257552231,0.0670638457039687,0.0095679721268483
"1590",0.27897092536002,0.00281960963798284,0.241490384383221,0.920643910816857,0.0636385622362984,0.0228315645550416
"1591",0.326742733960365,0.0106685219218823,0.212729491103207,0.858145326427263,0.0615143880877558,0.0191632850970492
"1592",0.293871467035687,0.00525706525416558,0.209684351905198,1.15095164141216,0.0627608216211883,0.00840211057282313
"1593",0.252574141497356,0.00256571436631705,0.190175213047683,0.85776095143088,0.0666365549659789,-0.00506776691908335
"1594",0.312381352328291,0.00354856495478936,0.183014156879044,0.836331068638908,0.0670259661373476,0.0386886964847049
"1595",0.338247936153573,0.0043251293513625,0.1551210679034,0.774780179623011,0.0698900119680982,0.0436499268723832
"1596",0.255173213954452,0.00642832430163234,0.128298943067267,0.989202244381396,0.0735785925310049,0.0224525868487353
"1597",0.252079802998926,0.00552839599367587,0.199071805692827,0.617166061306801,0.0622861395940413,0.0350456562358025
"1598",0.194385924946089,0.00334091681987253,0.169904182028391,0.861647937837638,0.0641213524763218,0.0184738877974136
"1599",0.260346576829967,0.000605529374343083,0.194258370093791,0.734239653055771,0.0640918246698216,-0.00716957174632705
"1600",0.36167860185448,0.00143096665563894,0.166977179979421,0.717613608650783,0.0731745819389868,0.00904366207394911
"1601",0.347907889367747,0.00467471787964816,0.160810325448689,0.663756206476921,0.0688664908984786,0.0195371058001386
"1602",0.283760657430929,0.000615165184356478,0.125442967318242,0.872987101455819,0.0766151460029098,0.0225717433135675
"1603",0.265189753893398,0.00131352132951015,0.226621732725647,0.856136516633868,0.0633897022564396,0.0387632103828328
"1604",0.320841409073115,0.00174960719739383,0.16774306253025,0.635674230355886,0.0717140414724265,0.0261469503500147
"1605",0.320994054153682,0.00787713179010692,0.197166836016839,0.792013056206062,0.0643899506201076,0.000805555441363157
"1606",0.287372782134,0.00395157855354667,0.17477279226193,1.18085570482843,0.0735309340011819,0.0289120329200816
"1607",0.223140358980641,0.00828902688064691,0.160418812980228,0.85259830391173,0.0650940231972117,0.0456776654548781
"1608",0.200954402113633,0.00274997183163358,0.206994710260878,1.02769998081974,0.0616098872641149,0.0427923257796282
"1609",0.190758254653307,0.00190218631922017,0.22343204626091,1.0924790397145,0.0610537223990908,0.0435255167053669
"1610",0.204498105547627,0.00122969690680557,0.188640291422446,0.939230698893987,0.0609757317679444,0.0212988416595358
"1611",0.25430214371659,0.00936414369952046,0.186506193470258,0.968124719419609,0.0624249157697556,0.0117405480042377
"1612",0.273728017144689,0.00037863435754206,0.170899427293471,0.751262298204925,0.0706684741185907,0.0434174858169099
"1613",0.313346261145662,0.00691875415020601,0.172639459751793,0.850274978778573,0.0670142665172535,0.00220713645756098
"1614",0.322287532743243,0.00927468481672601,0.0852534730271514,0.65503541629854,0.0830168222297791,0.0293535561229865
"1615",0.246005586134783,0.0086130108312269,0.103758630118412,1.06792181374,0.0792539071639877,0.0216120445448623
"1616",0.280209406265122,0.00530238106499418,0.255658948532571,1.24604084091026,0.0572283339494101,0.0332638953125625
"1617",0.316415837779741,0.00250242943910835,0.218017094933746,0.714870866839112,0.0676946672023135,0.02209983833838
"1618",0.379321493024174,0.00136067643811138,0.240360431529873,0.736651156015227,0.0625044649806491,0.00725196554231181
"1619",0.297552292804849,0.00590733231261265,0.172294554903835,0.754298945040803,0.0666407693653687,0.0452078378842576
"1620",0.211820397484709,0.00196445733448516,0.212251044770083,0.907153405614831,0.0624627693123306,0.0377984345259741
"1621",0.276697442918699,0.00311130392472358,0.246491278930753,0.963098574285285,0.0604220299390913,0.0320979111438951
"1622",0.25985824095404,0.00129604043246547,0.244586222619613,0.857023236632775,0.0578981719886581,0.0223172792872497
"1623",0.266137233203053,0.000866949669360726,0.23137056728352,1.01740010698987,0.06153437775478,0.0205996436175434
"1624",0.257252899380788,0.0022400431002111,0.202767260338452,0.751177634448734,0.064912835870173,0.0367995242691619
"1625",0.336772635869614,0.00154613631429597,0.221942409323439,0.826895585721677,0.0622545709948745,0.0196379913170771
"1626",0.263395566954881,0.00805552212822739,0.261922542400752,0.94606122501849,0.0578692657996623,0.0102740164103849
"1627",0.346930117389553,0.00148503699585624,0.180445866044714,0.646428167200423,0.0679449137939272,0.0296655011877704
"1628",0.322998539099013,0.00715349054656349,0.245033332179462,0.762988315700741,0.0610123071100148,0.0205663404116595
"1629",0.232410236427371,0.00489506425807614,0.216681755754192,0.838756021977323,0.0631674112616511,0.0388026389083559
"1630",0.249417612028573,0.00138098593110834,0.205077608791061,0.846554530161917,0.0645009164105201,0.0283453072646744
"1631",0.282035653967071,0.000313022580626915,0.161836501140149,0.718944675284227,0.0672077159018936,0.01096164781359
"1632",0.31010540921921,0.00093145126819625,0.187404107849439,0.769631103307151,0.0690627804455473,-0.0251104003603154
"1633",0.423230318916932,0.00350655716798176,0.288875427277053,0.743925245209587,0.0608128666886696,0.00212510309198279
"1634",0.295695372517523,0.0034000424384783,0.40152541366419,1.15216623335289,0.0517076874876045,0.0129811631367747
"1635",0.406225937349481,0.00540809632054807,0.383182800899252,0.535406637448878,0.0512695879508524,0.00569208362555149
"1636",0.423870614709766,0.000440831584782355,0.294494216203249,1.05597691779947,0.0599205648716966,0.0217597062840707
"1637",0.343840653339884,0.00304236847910345,0.339065418547949,0.801016875392176,0.0586141400833893,0.00918972378050948
"1638",0.294898584551684,0.00941318645072344,0.148581679436904,0.810506406784419,0.069713187078803,0.00552154806640689
"1639",0.228114216886941,0.0017679894498542,0.251258778906524,0.948078344522822,0.0593355098651862,0.0122815707719206
"1640",0.208398959097595,0.00126248314482294,0.308958159789784,0.937618805833113,0.0517069682865514,0.0264375988264809
"1641",0.377915859493214,0.00589628167082191,0.329861800146377,0.893249979745608,0.0520471656287869,0.0269336419672381
"1642",0.348982503734857,0.00395869671558137,0.277664319032778,0.844455873391407,0.0595490466309413,0.0043866648990507
"1643",0.29834056868533,0.00142479351873463,0.18444677771274,0.889628601137382,0.0666043271469325,0.0236335711517339
"1644",0.247060541148285,0.00521162572600206,0.189827720746659,1.16724445441035,0.0651925668438513,0.0232128807768805
"1645",0.217313923450297,0.00214177912523272,0.217662717741957,1.06887359213558,0.0631761323428541,0.0494452099518954
"1646",0.250035895606818,0.00311930489896007,0.199852497482483,0.780293837987656,0.0666895891105414,0.0100322636532879
"1647",0.305782461426737,0.00384262485774848,0.183541257856137,0.705609505091215,0.0685259668241152,-0.00853462203971101
"1648",0.323914828066232,0.00147591034170038,0.146431126778573,0.637387533660801,0.0717966823260695,0.0065993889272437
"1649",0.275383887666919,0.00368101954861647,0.147838227655318,0.676839615496181,0.0749241851234498,0.00968058955267026
"1650",0.290729339205106,0.00331836876473029,0.158256041508598,1.0184785852594,0.0720259276460761,0.00809934072849638
"1651",0.26673069427781,0.00422996099523438,0.148042755525643,0.620738360896446,0.0710341445482328,0.0333902607068676
"1652",0.2770595023219,0.00647574346741758,0.191550337397624,0.920110247423092,0.0671901173313885,-0.0127556112427377
"1653",0.247850453321674,0.0107489565212012,0.174320072010407,1.51088748383961,0.0686296040342738,0.00649231829013738
"1654",0.233837457843995,0.000190191470200933,0.236592652207724,0.751254017234494,0.0597778077640077,0.0418619198490781
"1655",0.201814485542151,0.002844486216683,0.32089751045716,1.15017265451638,0.0554105965189092,0.0453226505124574
"1656",0.370270643288468,0.0047645313144135,0.302071240640809,0.820384321033133,0.0592455776223672,0.0120001740325847
"1657",0.337689094604412,0.000791129855102833,0.262086236906549,0.83530940081197,0.0624480776505105,0.00487539803385337
"1658",0.27289068154654,0.00536799361017334,0.191695370147938,0.86533808295256,0.0680426714562396,0.0170921617962917
"1659",0.282264735411638,0.0010521653831881,0.185359303651318,0.749618982284932,0.0690301274892793,0.033371650473878
"1660",0.272843454642564,0.000963040034294985,0.249563173954605,0.698320802705305,0.0547855766065299,-0.00937768669381286
"1661",0.31203666947506,0.00289563938642475,0.218147807316777,0.810068144551711,0.0579044403382197,0.0165882705022232
"1662",0.251726950240487,0.00639387696972054,0.215381211324753,0.910267250542638,0.0658705818120143,-0.00477838283333384
"1663",0.241722295960649,0.000109143892912969,0.282744393793403,1.13790614108736,0.0577735657481928,-0.0027537969005548
"1664",0.401414445598292,0.00474164995300349,0.173047527995733,0.680848065110973,0.0689039886988582,0.0266443413004714
"1665",0.293621546995055,0.0043449129548629,0.157699733627162,0.815755542488454,0.0718963612618103,-0.0015924404337306
"1666",0.344006025923977,0.00845660945992294,0.138594498484328,0.671976499258101,0.0705794989975112,0.011596767461085
"1667",0.33985053141087,0.00508273248157954,0.132586521374112,0.580790184803202,0.0755681112876393,-0.0166150493791933
"1668",0.345461722196663,0.0131884234901612,0.111971489811816,0.727944028760992,0.0738262858684075,-0.0182068396064738
"1669",0.249744111163766,0.0103904008022835,0.124321686568192,0.769268165915172,0.0723090994326777,0.0221844791969348
"1670",0.288250028210989,0.00343278485089616,0.141706130315083,0.84186320630963,0.0722003540910301,0.0155733937898559
"1671",0.356554565707203,0.00464296961955996,0.180886376192832,0.657635203965735,0.0684899884036099,0.0155914146181491
"1672",0.26844748536002,0.00284957883409474,0.257999279385439,0.95802003074223,0.059645224933783,0.0139572822825242
"1673",0.325149471080415,0.00136678746419924,0.1784699056687,0.648327984329395,0.068107281727851,0.0169588157306203
"1674",0.347934265486872,0.00677495268644802,0.181936430532276,0.891468607743564,0.0674929631448665,0.00326379953403272
"1675",0.302079157444213,0.00141968777615531,0.1874424812132,0.671517042743502,0.0634872999489671,0.0369985345815832
"1676",0.321302781991681,0.0011138203613478,0.162798630772919,0.671238862107627,0.0696758306379811,0.0107194505350474
"1677",0.271982984367134,0.0101736684962684,0.16422278697517,0.985919190211377,0.0737020442493065,-0.00356643421343386
"1678",0.226222723033718,0.00184854107402395,0.106373412751001,0.937933585576531,0.0825394316098114,0.0478210399359824
"1679",0.197556132408624,0.00938096933098171,0.133229594950755,0.820283613804659,0.0670876575095853,0.03592627326522
"1680",0.321882930178384,0.00674311764028744,0.241869742123407,0.83610193600538,0.0598219703563697,0.0154121681249779
"1681",0.400932697191,0.00133667924618799,0.176949802281366,0.602136344423169,0.0707115360466006,0.0475930445597925
"1682",0.259819922395386,0.00761046786159016,0.172365579371489,0.873334914769659,0.0683552433192038,0.0392388170244375
"1683",0.254942371257978,0.00211920495770113,0.218676563592063,0.893842788454704,0.0642938737507043,0.0240306509451211
"1684",0.331033089545386,0.00252984251029182,0.289920776123481,0.773910557640479,0.0589915038129804,0.0123844532089998
"1685",0.249669702525913,0.00101069006114404,0.327180306062925,0.987607069087132,0.0558165682318044,0.0151487332341969
"1686",0.271110207875395,0.00666424889964632,0.207168389580137,0.771587140088711,0.0609365367406384,0.00460397486167221
"1687",0.295801589312572,0.00182495992823871,0.244816535820851,0.686535617185481,0.0641178145449525,0.0313693798227091
"1688",0.310093426576986,0.000790672181766144,0.240951289400814,0.694018806786037,0.0634782522330832,-0.0445237044180584
"1689",0.318457880817903,0.00321883680316273,0.258162841173848,0.861648541326191,0.0629076170364138,0.0232366485016682
"1690",0.285993309024529,0.000880817014848969,0.200398468726192,0.583289109981778,0.0649943591198727,0.0323247479534097
"1691",0.298908620995351,0.000444019227783023,0.143891109412809,0.739689740221365,0.0694372047425407,0.0453194594446274
"1692",0.266870096696439,0.0229921562449523,0.0862542346335016,0.928329679464965,0.0772484730693489,-0.00144053249362899
"1693",0.308671497775292,0.0186285992059656,0.122967064953878,1.19463780218943,0.0685362642958423,0.0247195537417369
"1694",0.228045964376483,0.011135231483938,0.15914509795389,0.852401545573601,0.0674194408001169,0.0386650362994293
"1695",0.331292997772906,0.00384611626449226,0.171176927622479,0.736954485600474,0.0704996931838534,0.00570810259476644
"1696",0.266723085793011,0.0014569114219145,0.156610731363663,0.82619231966529,0.0687048942561686,0.00951976806913394
"1697",0.216422065981133,0.00402519033054213,0.148630996181095,1.03379889970217,0.0684565396291111,0.0327750803640258
"1698",0.292173760149665,0.00321685460029815,0.106783419587246,0.626815495552607,0.0755809989648654,0.030836156548923
"1699",0.339578850606993,0.00882467869521427,0.136677903693221,0.779443241544135,0.066250876759669,0.0216227145942602
"1700",0.266423262932043,0.00279055511424449,0.146374254629395,0.935316060290859,0.0738696472606664,0.0288134459349625
"1701",0.277040014662862,0.0017772463887754,0.216788220044825,0.75375012375748,0.0622592252829263,0.0403333445869748
"1702",0.244350940659998,0.00607206423757252,0.190989766519498,0.929065818645491,0.0639430753701877,0.022335585668441
"1703",0.292021369485795,0.000117104461232376,0.141971390019072,0.682324452408304,0.0687475712367902,0.0294119875827072
"1704",0.197800591852957,0.00345515782271329,0.137156181766307,0.988499334491168,0.0718140615864113,0.0227654967394805
"1705",0.32719409693928,0.00206055436846396,0.155850688653643,0.861294974347388,0.0732564578571532,0.0221944312970368
"1706",0.279726718350129,0.00448160318336154,0.105515763640599,0.702903728428038,0.0794626066733676,0.0347645455453877
"1707",0.294157949720243,0.0114829090521803,0.0836401309948192,0.905124183777407,0.0867069625689143,-0.00880287546146371
"1708",0.287840911829606,0.012640109430637,0.112330529482427,0.886106772649622,0.0729679496315133,0.0177272481178517
"1709",0.305002475900609,0.00402218669359351,0.108462558117199,0.59748133669279,0.076675162470218,0.0180100386348607
"1710",0.253040357475728,0.0096450184959397,0.103776014389543,0.822889928178511,0.0772140636635952,0.0287034361118575
"1711",0.170754751422931,0.00579319939607933,0.0697150132395717,0.854901528853467,0.0835623289341394,0.0303644539843081
"1712",0.178946555025917,0.00907531642018601,0.100646716536272,1.06541674811976,0.0806446001297433,0.0428109894230377
"1713",0.19979969262266,0.00107088537916104,0.143763592292739,0.977328239137295,0.0737447303019681,0.034074797687635
"1714",0.198217056169075,0.00125843294744319,0.194706314646056,0.909667804168778,0.06319234150029,0.0416572679271089
"1715",0.312225660181251,0.00801249473076123,0.24878683084377,0.858224453498553,0.0578928304425258,0.0147583451400625
"1716",0.273911255002218,0.00388698172636588,0.252014692049855,0.794420023295426,0.0588978619016751,-0.0195851295699028
"1717",0.400586049505591,0.00111238749553755,0.26619430949956,0.733020067664668,0.0603019272767276,-0.00495352373954709
"1718",0.323903097941672,0.00627601131648234,0.212439030344462,0.874189217617747,0.0673779918870896,-0.0173593267021871
"1719",0.292611472957255,0.00748915820568304,0.182592600909768,0.81073172549891,0.064088983778374,-0.0233656115460217
"1720",0.368422725180762,0.00784476968213775,0.268654826302848,0.841099111254942,0.05891107967816,0.0074768964787334
"1721",0.383126726668901,0.00765439673249485,0.184632136259832,0.705602804650821,0.0683952767201608,-0.00526883837087574
"1722",0.309677329170575,0.00958893653635695,0.107148541688419,0.964954636174037,0.0786207235718163,-0.0116574457153562
"1723",0.211092456378265,0.00309711628186387,0.160704615931606,0.749956171320383,0.0660480947970409,0.0332661955098967
"1724",0.269445892838984,0.0011471979284518,0.217964635116427,0.848581104683744,0.0628970446543988,0.0403356573121254
"1725",0.226456350699574,0.000962416443367842,0.200850759311207,0.899907505460608,0.0624190073452791,0.0315657907330538
"1726",0.197948723308766,0.000896380933385501,0.219342066837781,0.714780045823321,0.0621930129083725,0.036796570308028
"1727",0.400913424316153,0.00450228639353272,0.268932167596876,0.767465810872911,0.0565842701108845,-0.0467136756668477
"1728",0.331251436346363,0.00449262775113498,0.266014320384651,0.893029223998158,0.0601919808954134,0.0305489877644309
"1729",0.301701539190335,0.0027430366305162,0.324401247644646,0.919162800008333,0.0537008201396133,0.0312951087250548
"1730",0.223696378752759,0.000888035428007544,0.232565720402613,1.03845181042554,0.0643384798251037,0.0134258671118694
"1731",0.213940642682009,0.00349656417677428,0.140840786502143,0.853487796262063,0.0683346783645853,0.0488936445827794
"1732",0.176068682917409,0.0128604831874117,0.115528678366389,1.39995106703602,0.0770456474449228,0.0244932891166534
"1733",0.183487309415305,0.00407542186181067,0.131002939320784,1.13351257002175,0.0704696621503845,-0.0316408261248895
"1734",0.244269966956138,0.000772169129779906,0.144102943222543,0.778515416416652,0.0719285433565488,0.0228156989703423
"1735",0.224112534426499,0.0077742218843172,0.133621438200457,0.822876644753799,0.0694745109938735,0.0479492797805484
"1736",0.270897350216891,0.00374680280847139,0.106432452168613,0.645250502625323,0.080343217414577,0.0218765680547943
"1737",0.230115310085666,0.00960334913921991,0.11091020542601,1.17899630041979,0.0768757507685747,0.0400073108654676
"1738",0.34059454792273,0.00201056209718855,0.208867141031433,0.791541639888715,0.0659490845053543,0.00230131211870708
"1739",0.309558200449172,0.00141038670266258,0.186922316968455,0.684407714534352,0.0692283920367511,0.0114669304158033
"1740",0.295019826710577,0.00685859722622213,0.239749450478531,1.02515575576133,0.0603399833330409,0.0287711119378446
"1741",0.314967495370547,0.00303186337118717,0.164250243063139,0.945484150340247,0.0717905282695604,0.0258974787220183
"1742",0.329293749262103,0.00381900733977635,0.174686703791772,0.741830216243126,0.0663846795379293,0.0290006669033185
"1743",0.340211089478216,0.00591239842504085,0.164659052717087,0.770178089644089,0.0677630984048541,-0.0191094843692578
"1744",0.336639128860752,0.00883855416776988,0.113242150937455,0.865205667803666,0.0700504337841897,0.00269212126737895
"1745",0.296974773378128,0.000589783521351978,0.306324475120862,0.928743991731301,0.0571947777097844,0.0367206060046988
"1746",0.322392896190575,0.00386770794015882,0.241882316834098,0.643714960341736,0.0603575846226778,0.00146444140152042
"1747",0.239486165336614,0.00151269124452929,0.158178715344835,1.08158872892422,0.0718038061945679,-0.0342572565251395
"1748",0.37606800785173,0.00235719745399594,0.242773211051161,0.617292845438317,0.0630862434391953,-0.00112571586737556
"1749",0.31947015969253,0.00251329668730176,0.206604498870291,0.88584654161446,0.0679163988549257,0.00776427608257392
"1750",0.318650111325217,0.00849687084630455,0.105913439751053,0.755487555846091,0.0767236419927542,-0.00749653434686708
"1751",0.277443653447133,0.00503076149976929,0.146852726400733,0.973028995388112,0.0704731207325855,0.00964060907687243
"1752",0.213798783808859,0.00387007461735774,0.171673386261726,0.945803837354886,0.0659734151671337,0.0205413705527848
"1753",0.214373931707911,0.00245425564052352,0.232972157106017,1.1537036358761,0.0614124322566321,0.0143868542552687
"1754",0.315932318325972,0.00228663326866155,0.221734170928919,0.868100736716617,0.0646417574431783,0.0146041146461303
"1755",0.339642939626273,0.000852169329355535,0.256759437390737,0.770490450770315,0.0622365945320139,0.0241388542202531
"1756",0.22270634799483,0.00222837534619651,0.203935194309576,1.00987154833614,0.063939177247517,0.0251338299794446
"1757",0.282689116466157,0.00205233355778932,0.194041151966693,0.812138046202454,0.0647684968088809,-0.0209711071241837
"1758",0.310686964565594,0.00148203994656074,0.182924040914644,0.834357129071083,0.0669242691043665,0.000232391104510959
"1759",0.235748755995483,0.00793682521512926,0.123928360152378,0.98656904133849,0.0715742127604866,0.0162171572108212
"1760",0.358761261155293,0.000220833355847862,0.185599246230018,0.641094272675016,0.066489595319572,-0.0170325147989096
"1761",0.328108200970306,0.000183178225470879,0.204620097407023,0.790331667597748,0.0683855631079767,0.0368510078930833
"1762",0.251606425391988,0.00237516854401842,0.164952587405822,0.690319394677706,0.0690042245139467,0.0432036855207911
"1763",0.275624690566546,0.00041961294297518,0.229660638139211,0.736531689058275,0.0608192521997427,0.0277134352302392
"1764",0.317103222307929,0.00371336936334823,0.137961757202104,0.797455373782261,0.0713370151094869,0.0391655946632666
"1765",0.220224481604641,0.000732856428461446,0.130750037716575,0.906563394464157,0.0704485212018851,-0.0142381581533763
"1766",0.213518533033001,0.00157530585334425,0.127571619907708,0.790974218283953,0.0746636643714985,0.0401897125960231
"1767",0.215805734334638,0.00872664653914434,0.121421682108036,1.13098752832535,0.0752605240181971,0.0342088264475046
"1768",0.290955704930055,0.00166595795983993,0.135418483891646,0.701930577948358,0.0752559399527464,0.0279992084313783
"1769",0.293526938657405,0.00208775561181694,0.13122383800712,0.615376891349386,0.074591090754644,0.0100545581349359
"1770",0.240519321450167,0.00580367234631181,0.103787926797774,0.852425249681518,0.0799428132756464,0.0309824535899173
"1771",0.216240252578959,0.00158845697163733,0.109145891656889,0.760496577335398,0.076079735815894,0.0422183146809323
"1772",0.19538884937953,0.00289258402140474,0.141833247131811,0.796281756953087,0.0720142140076436,0.0464877200059727
"1773",0.262884467191778,0.00317157569820606,0.160634020172703,0.817374983058911,0.0695518062290072,0.0253934135154435
"1774",0.230520112153746,0.000827347540445535,0.151441808114402,0.75143660350736,0.0693628540104854,0.0437871342436219
"1775",0.391675336297308,0.000727910523694801,0.220953297828845,0.605962568146373,0.0653574981713808,-0.0121118851836304
"1776",0.388402248981709,0.00454102633169133,0.265903449930008,0.744685089709979,0.0631174011379244,0.000540754096754951
"1777",0.373562366437278,0.00309146787642523,0.186261961786833,0.78236586783469,0.0740524309087126,0.0158842098982048
"1778",0.302933333925877,0.00226771575703877,0.20143579282757,0.840250256383812,0.0648152107624729,0.00639447881354151
"1779",0.308044382096057,0.00334341091254218,0.197889250356717,0.880750274226399,0.0647085292582229,0.0359786591235789
"1780",0.38666584492775,0.00437183951402044,0.375820490684983,0.691020701953876,0.0530108418550257,0.00427914054219793
"1781",0.391914199845878,0.00507055729488526,0.311394116791403,0.926389051601445,0.0580570820888682,0.0124440828481845
"1782",0.324575263829995,0.00826525173452595,0.282534178326952,0.871615415808136,0.0558704739297377,0.0199022788820251
"1783",0.235850543198821,0.00213230274173647,0.228760954721226,1.11676247239154,0.0623137390807995,0.00565045163653361
"1784",0.234143130851223,0.008192215404399,0.231941833351974,0.933241521698085,0.0585334185386126,0.0281516792031572
"1785",0.2713354083845,0.00696422773619573,0.312273439270049,1.02283884208848,0.0564738440095783,0.0161194351344906
"1786",0.298706650509796,0.000819073860150213,0.329530910472923,0.734461884257457,0.0542126161044975,-0.0260816981738347
"1787",0.35169297312817,0.00120744252620863,0.285126418199096,0.885052681450668,0.0600230812644909,0.0343508468733544
"1788",0.244071367464055,0.00352557566076716,0.35208635564331,1.0137109409205,0.0548282507973493,-0.0192753157461913
"1789",0.327003270379024,0.00281420258226733,0.334058018094708,0.816151948005488,0.0571661263297592,-0.00369745608574024
"1790",0.301975553290726,0.0009595111721572,0.267122444572655,0.798224684539826,0.0616115571761595,0.0184883112304247
"1791",0.247520333712514,0.00716244349908257,0.169499063564073,0.869709728883442,0.0646621467694661,0.0166316562154815
"1792",0.323276487171925,0.00361359462170306,0.183285220674611,0.687494641451081,0.069931011209318,-0.0103939034880953
"1793",0.340155917951536,0.0125633317261785,0.171217258372543,0.833532367156321,0.0686516350896606,0.0119977461657834
"1794",0.230305429632075,0.00122218379238919,0.220745393611166,0.935866873627532,0.0619157823190905,0.0286906073378609
"1795",0.251266620590366,0.00929350106349585,0.184827524992382,1.09909188143822,0.0642948268375548,-0.00538965330031838
"1796",0.325281855329213,0.00470894005341522,0.185732064831422,0.786369056080928,0.0658967141084967,0.0200312270598169
"1797",0.231332565093195,0.0034678768911148,0.189890712503206,0.967715550631521,0.0652492167155303,0.0175999266783381
"1798",0.239867337256018,0.00878271253256279,0.178366921236752,0.960522778424475,0.0638038912583068,0.0448117681120971
"1799",0.19105055732948,0.000204593400653682,0.229714842646349,0.882506221098713,0.0584507675970039,0.0147380785205485
"1800",0.199360922365507,0.00372840815777019,0.162065545519013,0.946899192227574,0.0679609542783148,0.0311446648000752
"1801",0.256677504008948,0.00622214184077724,0.160043123905535,0.833566255098366,0.0667854901086447,0.00896106297942984
"1802",0.327889267626709,0.00155171921205742,0.209184449118189,0.569820372107122,0.065479019123883,0.0227462060345215
"1803",0.280799070412634,0.00692977187694877,0.184745951538363,0.746499692979381,0.0613329050121832,0.0442539064111488
"1804",0.26630435563381,0.00382605117240043,0.264507894567654,0.944724044211807,0.0590330147032375,0.0482020103433878
"1805",0.310943880430746,0.000333662049182471,0.202570706124535,0.834165096273464,0.0641311139242984,-0.00477203447064774
"1806",0.225104879294018,0.00411525724111319,0.200684064880854,0.810173105074732,0.060224591429212,-0.000628119355183906
"1807",0.237547654414149,0.0126916065545949,0.187874176965578,0.99076409486921,0.067159890012553,0.00871272210200554
"1808",0.425672234756698,0.00447260438902339,0.221444392882265,0.555494725217521,0.0670257965991028,-0.00115670489350708
"1809",0.351231744347356,0.000150465964614998,0.211226745938505,0.636395940969727,0.0647967538699554,0.0411181657224891
"1810",0.358955133846465,0.00448904281360065,0.238812852590625,1.01170271490722,0.0652408022075995,0.0271998579557625
"1811",0.323882488134183,0.0013032657110113,0.230152411654765,0.863931141685704,0.066797447101716,0.0314142339130538
"1812",0.355661521645864,0.00169867738399341,0.2354905696024,0.780642486989381,0.063726345901003,0.0297392423089256
"1813",0.212639367190243,0.00162567968588164,0.172660699163645,0.826891200162063,0.0668762961554492,0.0296321243262683
"1814",0.248124081168182,0.00169659942501098,0.282963033200038,0.899738675240561,0.0596768805322881,0.0198662780325936
"1815",0.275367240612299,0.0020579000002138,0.190480544735243,0.822525474262161,0.0654242143011399,0.0166374255236047
"1816",0.302502263437322,0.00315832331162585,0.225045913469494,1.07439445929234,0.064443556799056,0.0090165944241931
"1817",0.235833470484067,0.0023134195762151,0.247853937079055,0.792726393068124,0.0584860772646234,0.0129416305288303
"1818",0.271043976758983,0.00131162789519625,0.163946143780266,0.844824737180593,0.0691265328364599,0.0392364664147329
"1819",0.262675379330826,0.00133461994489528,0.179737339204931,0.747682225716292,0.0646105434857391,0.0378016818251445
"1820",0.25258429832135,0.00060892417139555,0.144431985539744,0.737444862997235,0.0729785411422611,0.0259662667656326
"1821",0.30968498675243,0.00579555683921732,0.151915321939364,0.709577976811115,0.0723638656100385,0.00910257048174754
"1822",0.284282847210545,0.00194351709899014,0.177901847667799,0.673860037431253,0.065325446103792,0.0494242770074708
"1823",0.3037087560593,0.000446012086494214,0.280291774767901,0.81012188857679,0.0593370999916893,-0.00109030790783088
"1824",0.420585624151628,0.00211761611780063,0.29127996453726,0.602924920486583,0.0582226594888091,0.00222772859119732
"1825",0.392174315331824,0.00030975250195315,0.329212289741696,0.856414936995676,0.0571238553764321,-0.0154986746839154
"1826",0.370025226052531,0.00226379440183388,0.337632869737522,0.884081513538904,0.0574312857195779,0.00680863936017865
"1827",0.440382910321627,0.000306862511203117,0.233321371043754,0.675785325747923,0.0651347363850295,0.00120428129202265
"1828",0.303867405263384,0.0026911238447506,0.132263809197987,0.657843520575087,0.0741675590093004,0.0289822239936514
"1829",0.304820354008569,0.00169105244894991,0.223745962281382,0.793733437073807,0.0656419293620385,0.041359330177152
"1830",0.320005867703919,0.00206104850159771,0.176243837487147,0.864689028341646,0.0696917079255513,0.0159426893984396
"1831",0.337728738686979,0.00508258818910847,0.222943048799519,0.726860405480179,0.0613123052680596,0.0198816209768699
"1832",0.269728773798118,0.00387316733155784,0.210664336265733,0.809305332231134,0.0654745982487554,0.00225791618266832
"1833",0.266892755144733,0.00118771091689376,0.183491724178903,1.08543550678815,0.0694812059256114,0.0421212219314981
"1834",0.274492256440137,0.00315695331616137,0.179968047221524,0.91418667854627,0.0676054079868426,0.00722865654150819
"1835",0.247664173382954,0.00536006692884381,0.116302318704021,0.775212327709794,0.0795065108541708,0.0225583059616296
"1836",0.313047432050178,0.00793477080130171,0.0890673853006403,0.592036161025065,0.0850467848806056,0.00277199446031936
"1837",0.259126413876489,0.0121872912024495,0.0795362576366606,0.997308931420681,0.0820022320352019,0.0312472054818922
"1838",0.190551794003569,0.00956182292783847,0.0914913898689549,0.976867581777311,0.0788497648055065,0.0326413725772777
"1839",0.288954213218726,0.00489900317511482,0.117759954612102,0.818675135998612,0.0738243214116804,0.0481123200212971
"1840",0.299651329773566,0.00888340267447589,0.0901541256676838,0.809645659570076,0.0783661232740888,0.0338291347500557
"1841",0.278911455953479,0.0132213444547572,0.0691149146893899,0.728597595465995,0.087933762132535,0.0204675105002892
"1842",0.291369880654035,0.00677566179053058,0.113246841554416,0.832699469802558,0.0761296653758664,0.0300143329197416
"1843",0.353309842526227,0.00380757063643751,0.167660541861011,0.759937759211632,0.0704083267431835,0.0234968213091747
"1844",0.303281477211266,0.00205773427604516,0.167912467579003,0.837046631074563,0.0692246854601302,0.0193355275100266
"1845",0.314248387916967,0.00086025185139975,0.216873168760813,0.656136561590383,0.0683094085376771,0.0140006321054228
"1846",0.294017980154444,0.00486078677551262,0.16135282354695,0.895788034394702,0.0697958509906372,0.0299018494085692
"1847",0.262923565009195,0.00112233499746358,0.188093237728548,0.75355260239001,0.0644399068322242,0.0307926952419117
"1848",0.23724642876546,0.00207268140087983,0.201109749022669,0.740822811629547,0.065176315002342,0.00982017912695836
"1849",0.221806440231033,0.00567273408715365,0.171926847077565,0.906391042273819,0.0637527879319937,0.0039452532874069
"1850",0.204775708700971,0.000100569509436926,0.181165916566958,1.11738729492619,0.0684663013060711,0.0343183108083432
"1851",0.235417870823189,0.00207262597789259,0.142758937263092,0.873174467730086,0.0747228490441365,0.020749695685539
"1852",0.214080696526705,0.00732153751827285,0.161223843211618,1.26269997358096,0.0641410153076388,0.0211114597257399
"1853",0.204000869750673,0.00374954053238531,0.264380483017153,1.09509277340867,0.0550478744082427,0.0214108957182417
"1854",0.222476194752795,0.00072340933111343,0.184690405423723,0.84132188879977,0.0672799558810889,0.0235490755683719
"1855",0.341935143118433,0.00151540506110666,0.209968878179373,0.780457453595721,0.0698533843342631,0.0123639156200237
"1856",0.235499697989191,0.0114541798933245,0.164222766118648,0.934632497416983,0.0649910088355067,0.00925504881556579
"1857",0.21111725937405,0.00418095071556267,0.227401284569965,1.11102546234141,0.0604818776287078,0.0394805750446818
"1858",0.268848946585283,0.00592128826351932,0.153929472247017,0.835586741774706,0.0695645064125898,0.0160757974533886
"1859",0.264511121960568,0.000198119748303844,0.144070686037361,0.678008163462608,0.0687364242993209,0.0459397707670979
"1860",0.282309592824227,0.00174017556941667,0.20787572113267,0.766417230944652,0.0631078224751493,0.0329178354363952
"1861",0.278769071314318,0.000759862565650235,0.202713377092571,0.797818985521755,0.0641545557979053,0.0337622295501252
"1862",0.310150905390284,0.000913589456368742,0.174923588523131,0.746386773742514,0.0727722399628565,0.0305995312178324
"1863",0.227590446083228,0.00243096238774304,0.176288628485712,0.860013546818026,0.0692280182060576,0.0285258847261398
"1864",0.295122861291295,0.00486835142147471,0.16057287006939,0.877720643492119,0.0728019492068377,0.00665474466284021
"1865",0.338864615461847,0.0018880126155052,0.107445755539695,0.676183533580534,0.0805822736408014,0.0389683856073209
"1866",0.340002297071043,0.0132541739545912,0.127101130677883,0.808900914015235,0.0763305426128489,0.0451785460773246
"1867",0.359526145729937,0.000819285635569574,0.214042526650662,0.765627074368566,0.0668711389665529,-0.00337081314568694
"1868",0.318438715668386,0.0082751828247631,0.198727581208297,0.838615997732827,0.0664716891118511,0.0264799331775492
"1869",0.258219893816563,0.000455494130069985,0.18127162412507,0.776406795674151,0.0725160901260679,0.0446563431986457
"1870",0.235200822626158,0.00558293746426997,0.198279592518178,1.02516722808625,0.0636072763027615,0.0309443275244636
"1871",0.20618558217713,0.011720184236633,0.177892823053722,1.32453504501648,0.061455170370511,0.00359940621536112
"1872",0.242757468306204,0.000926306420338713,0.253674364427685,0.88021714797575,0.0580086674338196,0.0247367813686251
"1873",0.341039471905003,0.000318790021428611,0.25210404263795,0.671133824140024,0.0613709964538975,0.0109795185045282
"1874",0.417472346655972,0.00621381870087865,0.189630389179702,0.566922173726231,0.0669989874667962,-0.022097393886421
"1875",0.405953268708302,0.00164364552502507,0.378483033464452,0.727815903269559,0.0555882561796907,-0.0392331457950436
"1876",0.379514598776977,0.00486250076298002,0.214774997127851,0.756462102545741,0.0642225691786161,-0.0259693961584312
"1877",0.327994863004529,0.00518221300796392,0.203788484872661,0.933413562103688,0.065043936509204,0.019234151720817
"1878",0.260039713888679,0.00256827781154269,0.256497285503918,0.885794829251109,0.060571462577892,0.0404310636498613
"1879",0.211765162800638,0.000570310173863286,0.213057942909174,0.878229950838536,0.0652563891287631,0.0108564966407163
"1880",0.301124763655914,0.0111233137015442,0.174261096410297,1.04793700693015,0.0660648395722651,0.0173964904878311
"1881",0.236136027915834,0.0178835972334483,0.0994046944806915,1.13353137170818,0.078769471930947,0.0287452400049115
"1882",0.337382521286897,0.0101512537279263,0.196787950324927,1.14884283073548,0.0677765670959155,0.0133175297298666
"1883",0.281609982137035,0.011808414469424,0.250787912410497,1.5335002804072,0.0599232372890614,0.049856105812569
"1884",0.22296622530968,0.00149498321229689,0.289942407728087,1.26564667090436,0.0580912881850985,0.0207866591149069
"1885",0.208324783731645,0.00373015985052839,0.349914421100023,1.42269551645212,0.0507275038798404,0.0474955321355662
"1886",0.269863968912768,0.00617546418179083,0.179389443881632,0.831322981335734,0.0667207386000109,0.0326626039239421
"1887",0.379991536678282,0.00985525879101931,0.181615309218611,0.826852904975886,0.0683986889754874,0.00524807255738692
"1888",0.331234927223493,0.00352450087215951,0.126707382127924,0.774136745613512,0.0786211942596705,0.0315352734872664
"1889",0.339900854846262,0.00382059473433308,0.130058968500427,0.68799842234407,0.0758173903853805,0.0287492956488844
"1890",0.200625300457816,0.00845157265773359,0.158422626105214,1.02068157315766,0.0644700338154186,0.028668046776411
"1891",0.279057396191948,0.00329119635515578,0.133408818961014,0.856976807670429,0.0740406607577815,0.0050194167581467
"1892",0.269605770787628,0.00494684946041986,0.11727900251553,0.790798737577862,0.0784649345742722,-0.0220845260819887
"1893",0.237966584348671,0.000745104723302176,0.119250447390038,0.629544298506332,0.0737226460752599,0.0187633289250507
"1894",0.36723552503511,0.0135534606439769,0.12176633647606,0.701760656175753,0.0739497945668798,0.0197435666168693
"1895",0.30176770924786,0.00709749179743275,0.141811810808881,0.849798860220389,0.0673650641886322,0.0237605194659432
"1896",0.263995942786186,0.00168118434237654,0.223975682685729,0.701178983675877,0.0614491015333694,0.0154611348381146
"1897",0.321896051732778,0.00142395786786179,0.219089103466755,0.840398629341559,0.0635569060200449,0.0145730467920948
"1898",0.340520471497436,0.0026686500185706,0.181652147593161,0.843711261767357,0.0689816470312788,0.000749817154459057
"1899",0.368835526541277,0.000668985148520169,0.222392640530502,0.584823476147755,0.0655439577572833,0.0251034195475202
"1900",0.286382498811014,0.00194471010659264,0.157053863943827,0.896984501865732,0.0673235774738868,0.0340865989961049
"1901",0.366289954170791,0.000738623205738193,0.213210385334171,0.710903475982735,0.0685033813825372,-0.00422009992276244
"1902",0.291546473591577,0.00485148803585883,0.190416446909985,0.620167438988023,0.0666110227131477,0.0178556495984394
"1903",0.258881871781184,0.00608412076423183,0.18650970067936,0.927338269210139,0.0660635694815722,0.0395072550594104
"1904",0.312663625361894,0.00460751173864564,0.183907455966768,0.797637308370588,0.0670872892168824,0.0285159920872383
"1905",0.357257586444929,0.00074742842259269,0.290872066774023,0.648077207381318,0.0563914537129491,0.0248154016557629
"1906",0.228938521017981,0.00421886551466058,0.253333410175295,0.970591978404889,0.056033743800747,0.026954501835396
"1907",0.351574151931485,0.00317368924324765,0.295556163883278,0.920026375218058,0.0595349403461821,-0.00765738927611153
"1908",0.450185559117478,0.00819285061808596,0.243466978063269,0.748604161256664,0.0636681377179028,0.00398709120354816
"1909",0.359178067706909,0.00255824511964051,0.327796108860631,0.67619221821994,0.0566782735440369,0.0336060910696956
"1910",0.361790203646122,0.00105719945527306,0.503032785207623,0.92476813526685,0.0495317899873244,-0.00198005604124493
"1911",0.239899090835208,0.00480345141436075,0.452843924035804,2.14917337405271,0.0492595191166086,0.0313440116300222
"1912",0.257803071364505,0.00263721601660529,0.409131749270397,1.0859716334779,0.0505775799233785,0.00888578616693599
"1913",0.307265079008186,0.00103890653839832,0.27634625749229,0.757027992663539,0.0580419434500569,0.00833902893353946
"1914",0.295757421767165,0.00652043111840459,0.194180561729952,0.609285002786503,0.0623026637277699,0.0340125952008439
"1915",0.253908787411341,0.00394838628886094,0.137678650211772,1.04511528776782,0.0742082992096445,0.0432861123072737
"1916",0.232875417281065,0.0122967450466428,0.107541031346227,0.955321615822179,0.0760352404307377,0.0223157082027015
"1917",0.222491605630091,0.0130156908392493,0.112035677893359,0.997756106748233,0.0762085501458568,0.0453929329696395
"1918",0.315506260318694,0.0090843454704079,0.143267906274088,0.804296085942484,0.0749696100890135,0.0368213324771731
"1919",0.218210383028791,0.000893510916117695,0.220182982653582,1.19463253630296,0.0603132837429354,0.0291712428486455
"1920",0.258080269698063,0.00245760020155256,0.211802319652156,0.725964390051256,0.0651815890509725,0.010832768986213
"1921",0.302134439830772,0.00299597468730728,0.175214007564571,0.848286113392931,0.0693505043339261,0.0410205350374716
"1922",0.269796523197432,0.00133671242873795,0.162684405501878,0.902140769946394,0.0701603142452687,-0.0585674958194319
"1923",0.369973532400478,0.00807722103928586,0.133381119996884,0.713837266008031,0.0730481742968178,0.00616600928140675
"1924",0.297587897901369,0.00339510355935638,0.160141543361138,0.897283693755766,0.0654467271303664,0.0434869030050209
"1925",0.241563589051993,0.0016742524311336,0.235414012694956,0.871433298607946,0.0600264277627466,0.0435813704581182
"1926",0.323727857701809,0.00454012777071084,0.173516200431109,0.709463793082257,0.0657191254500889,0.0172028706219811
"1927",0.28774549341246,0.0022726690555263,0.240413995549957,1.06926340842423,0.0613244547833064,0.0388615922879322
"1928",0.285752567581456,0.00417000944182544,0.245475770489323,0.829003495350551,0.0579248736242519,0.0272918117809108
"1929",0.23271841480654,0.00773039574999432,0.355208687633123,1.1094133600811,0.0516983792997478,0.029864584571386
"1930",0.239203163294706,0.00175570665351644,0.302930586815693,0.968046568097133,0.0545772297071494,0.0165960570845227
"1931",0.300491809883798,0.00365258731832645,0.306466214727729,0.782952922179145,0.0581645283231016,0.0056414813406145
"1932",0.286891269927212,0.00165962522469611,0.344368036336914,0.800354889603994,0.0507074810161541,-0.00011598926603705
"1933",0.277594222169181,0.00254912815233453,0.361049381517984,0.749849459458184,0.051633116411634,0.000288499078888255
"1934",0.258721380743741,0.00107157737377678,0.330392043211561,1.22567051676415,0.0537193799477454,0.00524950986170009
"1935",0.24548334599684,0.00316991630490819,0.296981656645362,0.852714186421658,0.0545769995148169,0.0239025982121276
"1936",0.305913970151157,0.0028126930687141,0.214167061812081,0.840417316301561,0.0634746008208459,0.0222168649300092
"1937",0.256453870007078,0.00893833265216279,0.179688938925233,0.906535067506626,0.0647677750798406,0.0172908895219505
"1938",0.32364362337997,0.000957253763045049,0.268409907545653,0.909947277591689,0.0584463232722356,0.00826921842054956
"1939",0.435424758383114,0.00429548236996769,0.281404076693025,0.699634449862419,0.0626279465956371,0.0384350359020394
"1940",0.278714697008472,0.0103537033641817,0.161066314329774,0.674305621385429,0.065905968621183,-0.0418846569355861
"1941",0.288861706197186,0.000312856881656096,0.145251278716805,0.674150087451343,0.0707909487621171,0.0311105538855401
"1942",0.304841883783771,0.00185619762203953,0.195304044964916,0.809460812583229,0.0663864724776066,0.028630983173549
"1943",0.344934545757356,0.0050468138867555,0.298781308873332,1.0122941130662,0.0560937586217237,0.00561907007014929
"1944",0.353222613726122,0.00190856094000267,0.323952272257305,0.924894851952757,0.0561720504715884,0.000720000754385809
"1945",0.219544883344838,0.0021062300414169,0.22994529703298,1.1007298830438,0.0592258866208165,0.0494224787334085
"1946",0.328803719317275,0.00169337451765631,0.168486144085697,0.65653508213923,0.0672104106846684,0.0215643649457318
"1947",0.230502199379697,0.00344004427546351,0.149239128268697,0.974055202401618,0.0716344172037154,0.0256401498873589
"1948",0.430260236295009,0.00264104333788312,0.183524373950718,0.598116814093638,0.0707312001438021,0.0275377241523418
"1949",0.234890691991876,0.00414891667812545,0.240789697209805,1.12382685962563,0.0596508676913223,0.0382154603469534
"1950",0.247222643198574,0.000424141792012177,0.14321192009813,0.676159814971112,0.0718994259343145,0.0395740330747132
"1951",0.260519378720845,0.00180903430585641,0.126106196790679,0.751213459340951,0.0733813702213956,0.0172479491784298
"1952",0.335867231943319,0.00697962684922262,0.163295186675885,0.820118473846558,0.0721107542152544,0.00558674052959865
"1953",0.358612320476842,0.00220396102098421,0.115119108663133,0.65882142277694,0.0811483616677863,-0.0115264581379004
"1954",0.262862429516403,0.00911563190254827,0.136484435039108,0.955571448460424,0.0733266029060827,-0.0143868004179117
"1955",0.298589690063672,0.00847739909398056,0.142769042309946,1.18534301990535,0.0781503424072482,7.90753805169561e-05
"1956",0.197312677555412,0.0138581073930878,0.0848722861068307,1.46639210267455,0.0800508689504341,0.0381645287621875
"1957",0.220014895783662,0.00645753282101292,0.0898499338287916,0.788719889456051,0.0796694945651903,0.025616524095224
"1958",0.232833889713749,0.0118076492417277,0.196282518439147,0.898954115522551,0.0592308457679187,0.0378205065007636
"1959",0.213823669500919,0.00422350897450012,0.152977362297534,0.91235732270429,0.0689696034620869,0.0255720068003976
"1960",0.190986717240672,0.0033121563619351,0.178806555294344,1.15450965111994,0.0659002430189839,0.0434418026377105
"1961",0.336204671028823,0.000677799112963646,0.246155613077271,0.578364614614345,0.0597624789121079,0.0245484123244538
"1962",0.350271675470562,0.00118766891835169,0.221988319716591,0.805018755715875,0.0662103191581962,0.0302528441043316
"1963",0.273559393868299,0.00896664441508307,0.169436811979143,0.700255939592781,0.0653884496240011,0.0181340067006574
"1964",0.31022694708912,0.00275925138500467,0.190727314549128,0.939275864111247,0.067343347987837,0.0110204815607882
"1965",0.266577507237145,0.00391331765796716,0.12876936175282,0.927336078535057,0.0739922253285567,0.022797214808847
"1966",0.244088682710288,0.00630364328031782,0.117605415490853,1.00571740553034,0.072723833400112,0.0387564550851203
"1967",0.259544406708159,0.00858696516931602,0.107223991191989,0.5936156590017,0.0755325526890386,0.0406982124277828
"1968",0.34594614799006,0.00540957165580374,0.132547277423652,0.758537689483204,0.0713102996520173,0.0289826738817184
"1969",0.248816122439363,0.00298864164257009,0.192386776550535,0.746904184985401,0.0604773360944511,0.0187223978984526
"1970",0.262749981064222,0.000331744304462267,0.324153287451898,0.847521771211778,0.0529672120732024,0.0389525660957633
"1971",0.266919118065371,0.000192788532062682,0.209323449697896,0.850915975456225,0.0654781272250391,0.0317793932543111
"1972",0.185613904701233,0.00739909487183569,0.170041230171615,0.922167955749952,0.0646694556888973,0.00318959876788241
"1973",0.238963285724907,0.00468358807572659,0.176888941815445,1.09430464885324,0.0669364724216739,0.0250422960210438
"1974",0.232526016794334,0.00609000256215433,0.197962377963917,0.806155306354115,0.0617674237791232,0.0235698944453878
"1975",0.24766562978292,0.000332274287000261,0.222006990594933,0.896325840793188,0.0617143017842948,0.0415763796741602
"1976",0.310866058116946,0.00366330133450699,0.228822357782071,0.801164835443202,0.0641741263783436,0.0236763019863278
"1977",0.367378427092984,0.00988814020477407,0.156249015637808,0.970253492388509,0.0719603151693914,0.032864770262543
"1978",0.266652319773928,0.00116571923862224,0.223224153455234,0.629793142671428,0.0606003714801864,0.0329998222389931
"1979",0.309302848597166,0.00425932437977519,0.106851501893895,0.679702435720651,0.0755157014760613,-0.0169086841801624
"1980",0.339122732292395,0.00603995602360862,0.120935445397137,0.820934197015772,0.0762672943987829,0.0183009744574637
"1981",0.260121051415148,0.00943004391965009,0.0963485666815124,0.837760184851088,0.0787633422297104,0.0137027940848696
"1982",0.304077228090781,0.0192344040957233,0.0686044966878449,0.898017196091075,0.0851884331397594,-0.0179408777626159
"1983",0.208994625803197,0.0174335211749557,0.0791039792234318,1.40454894194214,0.0809827454619723,0.034668402413903
"1984",0.187084153603489,0.00204116084025936,0.119020752677477,0.710473755714679,0.0765954520913245,0.0220843111779793
"1985",0.283495188389773,0.0030403734247489,0.134454337764278,0.813510975753925,0.0726910055753148,0.0285143547715263
"1986",0.294145083443376,0.000653622021021712,0.21403621030789,0.974666103667559,0.0648004039004895,0.017765143329764
"1987",0.253378633430744,0.00823900740433417,0.286380676799291,0.937647090681817,0.0581628829072321,0.00406521529058778
"1988",0.37349762813968,0.00642886698554171,0.315907900836282,0.796066332942826,0.0549019786047938,0.0320974883827062
"1989",0.381503498277315,0.00281332604369662,0.387837130199951,0.838994445216818,0.0561730936165617,0.0174743675990155
"1990",0.359712778849485,0.00110990004956379,0.261464946427546,0.729268847075435,0.0624386679339386,0.0176867397900651
"1991",0.380215573390101,0.00292254036452203,0.278001291802453,0.769842831569667,0.062663081206697,0.00881647094204105
"1992",0.316094127190634,0.00744056306343945,0.349122000181397,0.921107645317879,0.0548471486731106,-0.0206098900946022
"1993",0.362692478679121,0.00259016713042787,0.417393653107778,0.856011708702332,0.0526360524078865,-0.00242421933720147
"1994",0.361556373568346,0.00416760589741777,0.295958631736877,0.861024504019784,0.0615785859292989,0.000351100677294941
"1995",0.328856417665764,0.00233259886716247,0.296723620280528,0.815693145993372,0.0602342813810424,0.0291658295767817
"1996",0.275372431635317,0.00374039077129273,0.203016629979925,1.00564449078009,0.0626344549201212,0.0283471401773702
"1997",0.280536419438182,0.0112147756056177,0.176937895739794,0.972893938067834,0.0665889699837892,-0.000872393556080708
"1998",0.327927108803831,0.00163311957882473,0.194756410606231,0.777849297518957,0.0680968056988748,0.00681493500860801
"1999",0.209418419708096,0.0040579887153692,0.19028983738021,1.10082159312603,0.0612056035284779,0.00660955472730917
"2000",0.124186632040826,0.00160528258229477,0.231065520439537,1.94312803407591,0.0589088380763679,0.0345258280069003
"2001",0.196555751708051,0.000314484601611507,0.236542443432741,1.22479894544703,0.0571953370529594,0.0350115657564503
"2002",0.299173444693111,0.00386681919596106,0.264763714436701,0.889304512973858,0.0593133087686904,0.0179721177790432
"2003",0.291568799429214,0.00495117456742261,0.170705633930564,0.774179940891379,0.064026469607793,0.0213951334555559
"2004",0.270435009752104,0.00702100306124554,0.212442520739718,0.715314385304008,0.0626540172688477,0.0159515699006698
"2005",0.236063995087847,0.00297509211566946,0.224462335515431,0.884183885626614,0.0641737182466304,0.0249560640130109
"2006",0.287520312785376,0.00277302706646968,0.186264880232152,0.821700329631764,0.0652314225102952,0.016388382875593
"2007",0.201886954829384,0.00305246345872153,0.151858298030159,0.900757794144724,0.0671817891119476,0.0283702936359752
"2008",0.274437373903443,0.00317247819712161,0.167322428919274,0.96806179018824,0.0690799972312428,0.0220632732806846
"2009",0.239172579834571,0.00191053093081747,0.252160674573772,1.38044591563158,0.0594888486106446,0.0211873925326916
"2010",0.238616876822513,0.00293965980566497,0.242323384565347,1.48172741429869,0.0616104416114152,0.0115795350084512
"2011",0.236390846603591,0.00211306721979149,0.237635174492315,1.01599675787722,0.0590173072445776,0.0228632949115784
"2012",0.284099967835535,0.0101181849604827,0.235449640462131,1.2749988613587,0.0611338629248149,-0.00157469244280293
"2013",0.248715074046338,0.00775624917534412,0.209648636903779,0.847426164156202,0.0607301419570428,0.037352945135387
"2014",0.272996240509848,0.00487895939116477,0.223887675401486,1.32467228414817,0.0642079475827383,0.0486108857754394
"2015",0.199068427002409,0.000826778048639777,0.20438880621493,0.837808621497785,0.0638980824128771,0.0272437395233857
"2016",0.232369193476481,0.00427018558801735,0.151703050709781,0.863105136724633,0.0680122679275602,0.0319013041079721
"2017",0.276388473824009,0.000203099977367908,0.221856928641383,1.07052450713433,0.0624312842278843,0.00639712346631228
"2018",0.243998054816927,0.00506729105033131,0.140064099640359,0.868994584653962,0.0694064698346044,0.0354818126362844
"2019",0.246814939228366,0.00160171638863271,0.191424192891179,0.883847947569878,0.0672400676625878,0.0219057010663438
"2020",0.299151343268668,0.00584538314434311,0.19450911999106,0.75922069452874,0.0651301904313035,0.0112764636875573
"2021",0.331438031883075,0.00260647658168864,0.106654081419381,0.721578967652068,0.0824654483194405,0.0156510876790492
"2022",0.362527374702241,0.0147724743338971,0.0883325209850011,0.597329723538725,0.0812035537694503,-0.0240682699816898
"2023",0.290177531260377,0.00914159238422013,0.112648116703413,0.935590742597905,0.0787512205200968,0.0153503353757588
"2024",0.282438284971738,0.00485826387913164,0.189765643964352,0.902356169142831,0.0672378504870574,0.004022325532218
"2025",0.236161993090679,0.00289483292879728,0.229153365225621,0.84339996309758,0.0616002263400435,0.0238722132825676
"2026",0.227406305139762,0.00127869011174009,0.160416328616694,0.755097490334358,0.0636988158421467,0.0481681906490047
"2027",0.28337817841875,0.00421209178401013,0.154207508742847,0.795834782890508,0.0703544484054742,0.00758828028615283
"2028",0.263620334450693,0.00227669142741368,0.132319207259452,0.67686897991834,0.0749536656304703,0.0231704673402618
"2029",0.24941987090241,0.00471944763036064,0.131239459278299,1.06164082683191,0.0734428514440795,0.0375234510113176
"2030",0.312632196814888,0.00405226711630357,0.141962336255002,0.728657530612098,0.0711205621678844,0.0249196621167914
"2031",0.249000368719388,0.00978274025035572,0.0927266087803482,0.8552812582403,0.082070981919683,0.0068559291544845
"2032",0.216225167734094,0.0173570294377531,0.0485227682863348,1.0810617431495,0.0852712658831497,0.0410250485058345
"2033",0.210314396054454,0.0117640327096292,0.0821709558028801,1.17540948163249,0.0757902291246381,0.0315780798822106
"2034",0.241301008496724,0.00116703361038232,0.159842646079916,0.910606533527483,0.0705974890452699,0.024351297727982
"2035",0.323185303887061,0.000861497071698838,0.161510215085153,0.61626642183416,0.0694978441889569,0.0190197548257926
"2036",0.250797563130565,0.00380851634025407,0.0995269977102186,0.753960034277778,0.0795425617910942,0.0246215587147686
"2037",0.196963630473391,0.00230138060039713,0.112966337243781,0.92756603807226,0.0759214837275216,0.0331072633855314
"2038",0.21021113932312,0.00596294544014394,0.124055967117069,1.06180171647072,0.0670032739523916,0.0335320572846279
"2039",0.234246676766831,0.008709304250007,0.122968154663529,0.849616269833745,0.0703885947205973,0.0314242032546861
"2040",0.295104617444897,0.00903185508109127,0.18716109561814,1.01518037642064,0.0648535206593768,0.0159266396168799
"2041",0.287463211721572,0.00496914940499825,0.376855751619575,0.950703990137668,0.0491488304250981,0.0267529888456375
"2042",0.310291353294863,0.00135832088120974,0.299290227701064,0.774740476044961,0.0554982410871801,0.0308143295965275
"2043",0.312703914453086,0.00298596039467904,0.207341667562234,0.75660170323491,0.0666299208896087,0.0253246999462561
"2044",0.235732545269842,0.00708657139791415,0.111855564500277,0.797136445216322,0.0767995111208923,0.0153213009908435
"2045",0.273822739728516,0.00749246067932423,0.114479910760883,1.1516243932951,0.0815571871939463,0.0330162214378061
"2046",0.266416510364272,0.00899367275819633,0.150634181919272,0.979812792052211,0.0663985458073064,0.0134661913755313
"2047",0.353129693702909,0.00690146446640277,0.178367963910744,0.722557215107386,0.0670826341049227,0.0167212988203619
"2048",0.337902944812768,0.000472495308890502,0.231838500858181,0.738033107725512,0.0642898721370818,0.0132226910479887
"2049",0.307168069604751,0.00212890282947753,0.186710985949551,0.698211763254375,0.0644909884466823,0.0129129667330432
"2050",0.25152452057041,0.00549140022654481,0.169488460510225,0.804604117585113,0.065581827150721,0.0146912286271843
"2051",0.255844921659889,0.00463358253485084,0.134387091200272,0.967036790398417,0.0707473126211977,0.0286703361093375
"2052",0.263487743819853,0.00184082716054179,0.200362095000376,0.813131753451268,0.0666434267627182,0.0188372292025316
"2053",0.272476261338337,0.00225264118045674,0.21454596595272,0.824016072783448,0.0625456895225675,0.0234079194522553
"2054",0.300723496224778,0.0050264927748239,0.167303197582061,0.913112234306841,0.0690819671315406,0.0130690278890923
"2055",0.368620703253677,0.00299952073737335,0.22385094054882,0.829456380415464,0.0676931267631621,-0.0155507362866511
"2056",0.316448340773099,0.0149547981299334,0.147193590269601,0.92211616361479,0.0670996235734305,0.0327757290370113
"2057",0.352589987527507,0.00222087265395466,0.275621225035272,0.845481721058498,0.0596477074334755,0.00904178615566449
"2058",0.382774111413943,0.00105931927878948,0.29580217955152,0.696317089158142,0.0592287299823243,0.00843437909261846
"2059",0.325782279825613,0.00125754470336109,0.261095077865355,0.958970992082871,0.064699029230721,0.0288806073594393
"2060",0.30326574708017,0.0126625493518896,0.17976652726659,0.902141770752001,0.0653751164625568,0.0363453523463975
"2061",0.293294257476506,0.0092549560177829,0.29231043560243,0.954344061706466,0.0512864065650513,0.0183206408669601
"2062",0.329508681644786,0.00160550062713007,0.490102556320231,0.760420124893591,0.0463555687470377,0.00180142623176857
"2063",0.261910998915088,0.000976576100073226,0.37601002969125,0.860972520730025,0.0542163576874512,0.0273723306755127
"2064",0.374933605143086,0.00312702178677171,0.196764677848204,0.749200995547458,0.0675680187593247,0.0251985611458312
"2065",0.338813164363328,0.000179425429066515,0.194080781324136,0.691273450361465,0.0681079713476826,0.019604841863385
"2066",0.368998509962768,0.0109605484672102,0.148088320973853,0.75326790809713,0.0719723826625127,0.022487318683453
"2067",0.453248643190724,0.0134004661529758,0.149197977258273,0.6241686875802,0.0724369730778093,0.0182355817928081
"2068",0.30743384543088,0.00899364843977785,0.176303382101485,0.711196217598458,0.0652358623779191,0.0243719208458124
"2069",0.335406969592896,0.00657583954706052,0.200373232842175,0.816357484201318,0.0668626129857424,0.00408270602859617
"2070",0.28129280706823,0.00124955198902622,0.186023303931893,0.655106358297124,0.067596017221163,0.0149361514346459
"2071",0.193386292831229,0.00803157222019237,0.0943158132503713,1.41582445064987,0.0743789523105924,0.0251080693472014
"2072",0.290983087519149,0.0116831689761385,0.15438576978545,0.858337622760563,0.0659713312355383,0.00787370015872424
"2073",0.180886524304376,0.00131449398254691,0.232790505317497,1.13327886362214,0.0580928657109065,0.00815516653090417
"2074",0.253567042779316,0.000943931416345567,0.210143410537023,0.971550631487942,0.0646663260792968,0.0453127136305044
"2075",0.185748275980442,0.000308866150749822,0.196864052819191,0.783881398077868,0.063690431020202,0.0399081184822925
"2076",0.317360691728214,0.00156726304475963,0.148458192125557,0.682170583392524,0.0736095892757093,0.0232847643882913
"2077",0.265918340958114,0.00962423835680756,0.126800742047669,0.869578223979343,0.0731908248838736,0.021656499935698
"2078",0.233396462734971,0.00108218514150541,0.13319667135036,0.682140033377067,0.0718346640574407,0.0388094920591894
"2079",0.409943323203643,0.00423452082579807,0.242581923270068,0.692710942693417,0.0629258401366331,0.0309011169046014
"2080",0.339402864083651,0.000691416481888399,0.226277396712568,0.681059354819791,0.066930381106258,0.0107290475599144
"2081",0.274428838239996,0.00868684623956767,0.202170733353727,0.909169239398394,0.065065416491539,0.0224923363259103
"2082",0.329495851887534,0.000378650220492353,0.196997239610325,0.714081730602242,0.0679163724441083,0.0164533568096728
"2083",0.307356798922557,0.00489643974623322,0.176040023636752,0.73517513328567,0.0699567379040541,0.00499825070419255
"2084",0.349974957353667,0.00208005824650749,0.184710456492403,0.764108492195631,0.0722484579812616,0.0272198371209823
"2085",0.352933012384958,0.00504653183536014,0.166140601903033,0.758822553495988,0.071899919023807,0.00193227247435129
"2086",0.303771308808061,0.00377556550012386,0.18087392618972,0.896883757654721,0.0650227210435007,0.0357414937202883
"2087",0.237250452539519,0.0123252577855747,0.114959677013317,1.39325985410702,0.0772169757510924,0.0206069132500765
"2088",0.223716655918769,0.00391708225765706,0.14167977571341,1.30986334416347,0.073957701900802,0.0276620988156947
"2089",0.227655726509658,0.00198133429446452,0.201499324389333,0.819782178225823,0.065581377427148,0.0143898668553
"2090",0.301539151366556,0.00360089246951565,0.225272897861924,0.836569904146205,0.0616759817293303,-0.0159447223805644
"2091",0.310186122910986,0.00317594317860064,0.270332741836082,0.818458304962779,0.0581618918992608,0.0248272841834893
"2092",0.271662175042544,0.00115976726892054,0.292103491679475,0.885194352978848,0.0530411166485928,-0.0294202952845622
"2093",0.251956298545842,0.00272115551506495,0.324094327774059,0.964734054120576,0.0533567617571349,0.0255031151863779
"2094",0.327360249828843,0.00436432728616357,0.305286433691008,0.925719733583425,0.0569095460688126,0.0143644807781902
"2095",0.331647062864781,0.00490003857940188,0.27431444650075,0.859038772005664,0.0553782943608143,0.0343988713351321
"2096",0.30192212118316,0.00285716095028109,0.294396614810521,0.818302043121418,0.0582924705419862,0.0367666555576082
"2097",0.337864345713005,0.000735442179833377,0.224512973442401,0.742525606861281,0.0625530160469256,0.0136046668109157
"2098",0.217684050406763,0.00396422726214406,0.144338113624665,1.07954669258712,0.0689343828333585,0.0307849704205467
"2099",0.245924053213298,0.000511509589393006,0.141137867836782,0.892971295690499,0.0728413422937989,-0.000119187436709326
"2100",0.231366693746674,0.00454383732105668,0.1744269233812,0.971744370895354,0.0646165692807737,0.0320093158913466
"2101",0.254232200155277,0.00128528664499798,0.117604981068784,0.726450711744587,0.0792442842560451,0.027312325391796
"2102",0.224025930093218,0.00248460630720778,0.0947977011072205,0.718023029961842,0.0795017199216131,0.042084019219771
"2103",0.271966221809045,0.00563912189393362,0.0800245363529867,0.755884480655979,0.084933203296879,0.00719582071316167
"2104",0.24157250290305,0.0111288810981517,0.0759943499219523,0.76793946659986,0.0851199822458746,0.0151793907157962
"2105",0.207450611022003,0.0131199544810009,0.0574993184083421,1.01375387593065,0.0914271950200908,0.0195052513401506
"2106",0.284912053543821,0.00539783167055248,0.0967646559693886,0.826075148496328,0.0825952593548453,0.0349751608997684
"2107",0.207033307844988,0.010708921559706,0.0622356020345008,1.13261061806909,0.0877056694862338,0.0260074042273151
"2108",0.26579162467912,0.0100157191848503,0.0519118796195126,0.653975490793115,0.093659057015488,0.0346753200426879
"2109",0.296685908768123,0.0113448584496317,0.0855328914091218,0.837173011179257,0.0813789087548711,0.0168181349270654
"2110",0.257329371310784,0.00617661379001803,0.162452629220364,1.17141673169071,0.071541538529063,0.0330663841402458
"2111",0.299816124715756,0.00858283302257212,0.131009463576588,0.933842433119436,0.0746965192487877,0.01171855364154
"2112",0.226885989546375,0.0109272801637387,0.168920765959801,1.1024816202007,0.0693286190274396,0.0222276845494666
"2113",0.28194069948261,0.00177191008960078,0.187347411220174,0.970155459088405,0.0657783405751533,-0.00213056675897881
"2114",0.277741768724965,0.00777018000730885,0.198600568463885,1.25812388332634,0.0668352404547151,-0.00157775986055468
"2115",0.334282440801334,0.00280205504726724,0.257498651850918,0.64395825165294,0.062063115367504,0.00965584525449341
"2116",0.320195692734827,0.00413931791991659,0.206573494253028,0.788501449515663,0.0651736634986681,0.00764772816806406
"2117",0.228560678916681,0.00270552918848895,0.148774534965949,0.903895693054126,0.0702365734799989,0.0328178663059621
"2118",0.275423645856177,0.000421224210152879,0.226828819120953,1.01834234403701,0.0623577172813212,0.0150101643492806
"2119",0.235009093418423,0.002240888101271,0.264006652482993,0.790476909256394,0.0527395328499945,0.0387483621537392
"2120",0.1880573295353,0.00429399166893766,0.267954570436307,1.08212278469886,0.0535748556703797,0.025989825773038
"2121",0.305525762599517,0.00155667200536656,0.279545285976747,1.09718370483224,0.0568832020669094,0.0311820719661309
"2122",0.264811327043007,0.000742410227774287,0.306132979889409,0.836605234282621,0.0563046669608634,0.0219175831999908
"2123",0.270180481603568,0.00278946498905719,0.25098798659307,0.68563609303978,0.0624338267879498,0.0289479349969719
"2124",0.315975930184233,0.000637966473500829,0.197481511934712,0.769989145677261,0.0661195592143088,0.0307863761373125
"2125",0.200535284062173,0.00512488199108037,0.200615953282799,1.11627111071937,0.0598448202509263,0.028904599203194
"2126",0.213192344145738,0.00652200021165485,0.174107902406902,0.998331066565703,0.0644000798039428,0.0252896584631827
"2127",0.185960797971366,0.00465267272578401,0.172566505503362,1.0843111903954,0.0679550799412808,0.00721878359905249
"2128",0.252044082371684,0.000694739577466416,0.165204720685273,0.889856117900502,0.071549663664933,0.012125408435103
"2129",0.314920607880228,0.000769894848882015,0.194524963849001,0.657008697177556,0.0685553080764109,0.0227223532173458
"2130",0.260109165627271,0.00208487289275948,0.169861105801263,0.819818015364113,0.0679432214536592,-0.0127684383747765
"2131",0.335931613975809,0.00556885273714853,0.121300764369509,0.766325600158571,0.0767866718396003,0.045299337913386
"2132",0.25552103248283,0.0148622917314856,0.0955578377376623,0.878966229515302,0.0776004418550422,0.0292034034280923
"2133",0.331861501315153,0.00777448582692975,0.132280388982676,0.7362646022111,0.0757320238155043,0.0257144556915361
"2134",0.327241732546604,0.00484054493518961,0.213306096210642,0.952732644716854,0.0605768720657924,0.0245940472705342
"2135",0.276912288278026,0.00458066094276535,0.221739390190536,0.852318242030644,0.063370883342588,0.000511290085817937
"2136",0.252299353307518,0.0078510169684553,0.208518280829737,1.07795966651644,0.0625322787011189,0.00711939598795527
"2137",0.30382661438501,0.00713364319105715,0.177778464976129,0.987716049338785,0.0673097302665606,0.0288468848489369
"2138",0.330331217191186,0.00128297104207968,0.16622039577871,0.58694445856683,0.0714194872096221,0.0169625936100207
"2139",0.312306086016457,0.00678148577089098,0.142594147518763,0.825165183927215,0.0699409050889512,0.025488432991716
"2140",0.257238093151377,0.00537144011266076,0.163195203238463,0.77506963441523,0.0681830755728111,0.00274171163444276
"2141",0.237845909830355,0.00292977255557409,0.1776024877596,0.974110166949242,0.0685176665744478,0.0194219453595435
"2142",0.270777009213056,0.00620604133565938,0.167629786661206,0.854195292845838,0.069860881674717,0.0352413367213297
"2143",0.256340098319639,0.00380158947075061,0.106753432635796,0.860480631681827,0.0764553917982284,0.0354949169971856
"2144",0.274741717554943,0.00321761956187141,0.119397157808654,0.780050840869956,0.075617547509507,0.0488724859648998
"2145",0.282537985355358,0.0083444229157118,0.1146617895089,0.679535921268487,0.0730392090134182,0.0163122797240993
"2146",0.300400013965303,0.00248972576040859,0.138747944074944,0.680621251428279,0.075409545366461,0.0387536892109994
"2147",0.34656434732762,0.00460937402026847,0.139642034695812,0.735017336020649,0.0763754940044349,0.029496224105204
"2148",0.378696475445236,0.0032415674627645,0.165477713026496,0.766481496634328,0.0725053894039439,0.0218788084589418
"2149",0.311254103395906,0.0056804600462268,0.211132972513385,0.732158401964295,0.0628994491238876,0.00243196229861336
"2150",0.457816492321829,0.00428396038850287,0.246656521853988,0.668364917726519,0.0664182547821012,0.0145975881137078
"2151",0.341368562742569,0.00478758443735629,0.170210370552983,0.85967345338711,0.0702850617058145,0.0162453193875892
"2152",0.400791109967012,0.00287828585540382,0.168727521480335,0.759331816866905,0.0692328787588209,0.00979163718220089
"2153",0.377631409356077,0.00218537550557553,0.194903582679501,0.726383182557318,0.0670359361311055,0.0142709054492895
"2154",0.429654351080086,0.00194091509045554,0.249501370764584,0.61207780278157,0.0613753692062616,0.0455800245108427
"2155",0.41286442418304,0.00274419063779113,0.234141974490068,0.700444625039759,0.0653573648143392,0.0138220072928143
"2156",0.358273917272633,0.00273607547694083,0.187972785183119,0.616613091306515,0.0704467857069805,0.0274808844086924
"2157",0.369076639912922,0.00103677872782222,0.211373897998794,0.852563421443639,0.0675592588299508,0.0125936932850454
"2158",0.269114375765996,0.00710777543349053,0.194965475744389,0.809156291904209,0.0627831584315226,-0.00535818839229044
"2159",0.322863822546461,0.00277631512294628,0.264607904437193,1.04994163764582,0.0607756845523182,0.0175211436747694
"2160",0.239613834254963,0.00200716924459091,0.249616312327215,0.789503925565782,0.0558678906372682,0.0158773616983361
"2161",0.249343033631488,0.000762260725539394,0.342628879466236,1.20886812367527,0.0514027192899094,0.0343357749469261
"2162",0.261699682848835,0.00406181122283448,0.445457069484872,1.15974110201551,0.0486289443104519,0.00966116594259815
"2163",0.396977730548177,0.00480833556821352,0.418451103928,0.894526196748368,0.0507284757918484,0.0288851621880762
"2164",0.389371268285531,0.00389322070423625,0.477295797863848,0.792192471816296,0.0472015483013042,0.0233959227827757
"2165",0.499105169217163,0.00160510621543785,0.360439733642933,0.921674179819013,0.0556109516860948,-0.0272469847726513
"2166",0.33774287502238,0.00437640009784501,0.372908292544714,0.995967279466736,0.0538478949859005,0.00230283150226013
"2167",0.344256737044674,0.001161247887684,0.307471920715931,0.621017144935848,0.0552602574482426,0.0153534869661646
"2168",0.294634084767698,0.00242905772356421,0.31716599865881,0.834066785362665,0.0556950134208571,0.0180011563325281
"2169",0.446317057895872,0.0013686320142556,0.356102069373863,0.749786167750286,0.0545546678937658,0.00754260903702415
"2170",0.357490788492627,0.00185907344736289,0.3075960119679,1.09931714734039,0.0596717770049419,-0.00580478986314775
"2171",0.339764712334688,0.00305261433224005,0.336152316917435,0.865119486776259,0.0550717969132975,-0.0407491189563583
"2172",0.267714410543476,0.0027874542586053,0.404609884765976,1.32788442108382,0.0507701798943943,0.00262941273567945
"2173",0.385212464064807,0.00217751162989326,0.311122610485454,0.661278434979898,0.0569145761016623,0.0245360856530996
"2174",0.251699576458736,0.00050683837501494,0.257962005983415,0.927119362420023,0.0588851967660603,0.0118007731475988
"2175",0.304138165770401,0.000654979182712149,0.199975291859815,0.696687256485528,0.0663729906326914,0.0214946247117599
"2176",0.317959401719724,0.00234608903781993,0.233104209014078,0.848029829642775,0.0592872720252034,-0.00608768563746941
"2177",0.285821570262466,0.00246576043944195,0.270983472386548,0.964730087437803,0.0602397964906467,0.0248329315306181
"2178",0.279318741856627,0.0031143350143267,0.308639113478215,1.16189622240513,0.0593226534722921,0.00942864957175668
"2179",0.288237119375249,0.0050629678314624,0.235647105540778,0.750058742449346,0.0617359311072436,0.0255473630780815
"2180",0.272190361073276,0.00076073746585346,0.270410762931925,1.05811194000975,0.0607955399774186,0.0183865347689999
"2181",0.262920748008733,0.0023022947600728,0.165933051983744,0.605360880667157,0.0677149585979099,0.0253527331160524
"2182",0.303544136772294,0.00406836551271676,0.171992336215755,0.773908531496753,0.070951273101364,-9.17419794457027e-05
"2183",0.22886605042162,0.00449008612374804,0.183878463942944,1.0566414404227,0.065532320068998,0.0308679540063408
"2184",0.202618535270827,0.00416644821009588,0.129760413873248,0.99535558759627,0.0719908161977169,0.0400406124412759
"2185",0.197933887204568,0.00393937531944353,0.154034033661072,1.12825328941412,0.0664259266705815,0.0385987266828666
"2186",0.204251993837455,0.00153661970854745,0.252081200046987,1.08563581586414,0.0612294813341057,0.0478625503516795
"2187",0.240234636658622,0.001010864736972,0.190984447981211,1.02957246140443,0.0630943846211503,0.0153827601252599
"2188",0.229104295134561,0.00427063599181585,0.149204100529017,0.97526245666843,0.0684817686639609,0.0359692758748396
"2189",0.227203755892256,0.00593716138334776,0.15303752641549,0.838610101921643,0.0682784173552979,0.0150369293066831
"2190",0.231536063245451,0.00262473012141272,0.190153488817774,0.928356823442772,0.0668281195833221,0.0263243768775668
"2191",0.290393562911355,0.000171499160407142,0.172336710274886,0.568027114834252,0.0696398775240857,0.0108330809047806
"2192",0.31221495855601,0.00445294146424839,0.123573809271665,0.744253029169481,0.0785811785840121,-0.00718195877472229
"2193",0.420019866076742,0.00371011571261047,0.143927035733919,0.649052143715682,0.0745780726471647,0.00171183929767382
"2194",0.353215029236118,0.00493905238198075,0.141402472020796,0.587079230699323,0.0749327605471216,0.0375016627415707
"2195",0.226377716761009,0.00694079260140925,0.136300931326152,0.927861252630416,0.0709556286001638,0.0314229021443447
"2196",0.298365667818661,0.00440764545946073,0.173218827803951,0.779196700697252,0.0695305468476531,0.0345483228192902
"2197",0.356869315573723,0.0025161961885027,0.231116090538894,0.714956063213629,0.067254345915586,0.00807724651121789
"2198",0.393470557348411,0.00595743231435253,0.203806019221558,0.904132880721954,0.0639124634764469,-0.012087119975988
"2199",0.371883734305479,0.00361816271984209,0.236699590372262,0.735908753659369,0.0614328441370234,0.0229702042197938
"2200",0.244631561122026,0.0048137971847183,0.172229912484114,0.94503358391591,0.0663057376332231,0.0287572653687098
"2201",0.321633676575228,0.00146445526103121,0.186198252269511,0.690760585654541,0.0686297205288806,-0.004401036022838
"2202",0.252378984451616,0.00133404903476954,0.182978265708841,0.799138789739334,0.0703530413780462,0.0306095884194935
"2203",0.340812348801032,0.00646658321093875,0.108218078764855,0.690301244161702,0.0776278327384911,0.00935553290611689
"2204",0.253745699552599,0.00473273073315847,0.16257737378266,0.750341882069193,0.0665193646548252,0.00471874036102111
"2205",0.258903432393579,0.000916262389888728,0.257689290589221,0.825005562928262,0.0638271970219556,0.0326894797718217
"2206",0.298600229455997,0.000153714970504136,0.18530034178891,0.650207717323803,0.0665124775548324,0.0133809584660715
"2207",0.344685079447486,0.00102816066008346,0.275735578452468,0.759364486976245,0.059251524814292,0.0294188566870492
"2208",0.408405505341096,0.00175109549541673,0.273716153817225,0.639433122425872,0.0599017109075482,-0.0297449704228573
"2209",0.274415720266891,0.00119290035148676,0.228010239028182,0.885817087263523,0.0613285192970744,0.0192362857665102
"2210",0.344990672482302,0.00261903726523067,0.230010536389002,0.72475510853917,0.0641241536794108,0.046283475638736
"2211",0.397119554630607,0.00525517434029281,0.228956859185446,0.900425033103973,0.0622698831900779,0.0159230153438672
"2212",0.358331091693345,0.0012050825256686,0.25664574771178,0.752866637711469,0.0606865227304918,0.0250490627313436
"2213",0.234561922964687,0.00418246162166056,0.121813118740405,0.750973458673782,0.0764714010882885,0.0179253818271703
"2214",0.314768973478081,0.0127773695873344,0.105284045955038,1.13982369890042,0.0783314460711447,0.0499206168876292
"2215",0.24717972004307,0.0118791272013837,0.122398960918336,0.817020922122685,0.0680926355748428,0.00306524738759043
"2216",0.242810648152338,0.00116822852607457,0.215909256413089,0.899933231412895,0.0609644814510819,-0.00858444217231073
"2217",0.223294889308539,0.00142930225204263,0.198916883776176,0.762937794202078,0.0669650259305594,0.0143238573801146
"2218",0.269025749359741,0.00955998490356473,0.186435677179655,0.919539101187478,0.0640107699754842,0.0150086177992707
"2219",0.21359150175399,0.00685894829451813,0.205050907811718,1.24005499971688,0.0659215093861497,0.00758943328520502
"2220",0.27728914160996,0.00170327196274884,0.26005162963977,1.36392781600769,0.0563852527816014,0.0152198437754094
"2221",0.260159646182759,0.00477871774262168,0.312845322916855,0.951419818920857,0.0554710786279702,0.0183080034942266
"2222",0.306679789411957,0.00410937289560226,0.235907735329868,0.803535863250626,0.0614813548103052,0.0230879874465812
"2223",0.25130260750606,0.00722469313955181,0.234984156539758,1.0210975685777,0.0626199609542055,0.0367626479122915
"2224",0.26852982465974,0.0108667101155317,0.242064887601646,1.16978899054125,0.0593461998346876,-0.0050191315968703
"2225",0.292639745318494,0.00735350387392346,0.242135325257218,0.921321341488743,0.0591628976644224,0.0106988184183249
"2226",0.280458690455611,0.00531033636186654,0.159251655951053,0.770145920144404,0.0701033546284113,0.0165856879964606
"2227",0.275719971627695,0.00313797910825998,0.183706619875901,0.777459095453005,0.0680986036975861,0.0247955527944687
"2228",0.341941770725123,0.00115539496214742,0.152815974899889,0.648927741420129,0.0735277308219029,0.0358618467449454
"2229",0.327033660127368,0.00331506588050381,0.14049429981561,0.776546998517454,0.074470663887589,0.0368947065511874
"2230",0.272845585344556,0.009707269773354,0.138308272663249,0.886749057170053,0.0722581535754468,0.0466858247744383
"2231",0.205331124454589,0.000165341004571713,0.150864034439987,0.968107729402222,0.0693755685870319,0.0397016784984869
"2232",0.181419935647697,0.00437012176907828,0.181637948873231,1.0430822797376,0.0644150872910581,0.0465895695020046
"2233",0.190133010394937,0.000830525125626258,0.166075813073693,1.0358802279169,0.0677509488378601,0.0464400931901849
"2234",0.202009791769499,0.000522024523626519,0.115042366919818,0.980903894050806,0.0765491946606256,0.0423867088627451
"2235",0.181257273007373,0.00467695566362643,0.149339732457731,1.06870515494595,0.0679987686405725,0.0260755975683776
"2236",0.175822823123519,0.0109085724821572,0.168445554914207,1.34232759123154,0.0670889099301117,0.0320974894521361
"2237",0.220305439446531,0.00538490437573128,0.131689158521409,0.975332505142039,0.0745663093619788,0.0334923849952223
"2238",0.250329841168945,0.00999559729564592,0.141849243743565,1.43243956294436,0.0744554224246389,0.0160182804958793
"2239",0.290190819191696,0.00351344600071654,0.253944198358678,1.03223655985477,0.0607663897331613,0.0211561670882501
"2240",0.25920580953495,0.000416660760225513,0.264639039002095,0.79831393295489,0.0611433635294756,0.0107647961705322
"2241",0.225687348447725,0.0032109068447649,0.182106082991878,0.835395793042522,0.0662535790332227,0.0252500340975861
"2242",0.314743551661747,0.00275945242820902,0.168964817698439,0.902902465732382,0.0674084901926698,0.0194990760625522
"2243",0.217230592377007,0.00957170859476783,0.109493559328677,0.869143102361897,0.0795770035782142,0.0169490041869987
"2244",0.3280714981166,0.0020377050833735,0.157175010703871,0.896579878266364,0.0717629043849617,0.0160686534874736
"2245",0.200200522665993,0.0044953895126112,0.194665180312596,1.49255002854748,0.0662034460037345,-0.069446758873307
"2246",0.37660937778762,0.00159651996024436,0.212962854814897,0.725168390793631,0.0673436269176293,0.014102816779456
"2247",0.417369602802121,0.00919811474617814,0.150733031785152,0.86448858025097,0.0712406066717417,0.00373259228384864
"2248",0.342678632072824,0.000121599757838206,0.204298394100233,0.77643926572543,0.0693167902055944,0.0167090590049689
"2249",0.276444064390769,0.0019976485065538,0.149875186877602,0.768407215849874,0.0696869813581432,0.0390271686526645
"2250",0.336124700118482,0.00273402612303601,0.211059675854555,0.889225314551211,0.0645162949538619,0.0248615736937509
"2251",0.240305903513752,0.000153775004633094,0.198819234747996,0.677451542838332,0.0634278268211004,0.0157905357436565
"2252",0.295553883476049,0.000211206634294491,0.156277013391578,0.646328403077268,0.0720861386274213,-0.0112811137136462
"2253",0.264284898351919,0.00139783002322754,0.117217813942764,0.781278155954066,0.0798930876292926,0.0209519161491163
"2254",0.21262614375541,0.00691593346507686,0.134769345496353,0.944822844771729,0.071025756508546,0.0157768585672021
"2255",0.250065698008631,0.00227319468525201,0.233120513783508,1.39107380067379,0.0588466163206745,0.0248184777648878
"2256",0.156463097646382,0.00120793306530853,0.242715477298987,1.30833654719308,0.0562582647540722,0.00448898611937023
"2257",0.212093257970184,0.00130732870017339,0.262103747109918,1.02577717248645,0.0577962915081532,-0.000247551775627746
"2258",0.364082396042095,0.00178163025574017,0.171727694610533,0.64546253844984,0.0687611424055918,0.0233944052721575
"2259",0.290387975707779,0.00177756367120796,0.254453944520001,0.722425549195449,0.0588503228728505,-0.0412565060035589
"2260",0.230675598202595,0.000949613904456311,0.192010670011168,0.756522873511217,0.0648805998244117,0.0296961570344355
"2261",0.327061357862671,0.0058565862951647,0.118870570724131,0.813006707308384,0.0780174460903649,0.0292198765521754
"2262",0.251706284534213,0.00614701008308946,0.149085160410089,1.12322759004507,0.0681996474220523,0.0117847007056447
"2263",0.259794890533468,0.00349078323099267,0.119073416604589,0.854649373183413,0.0754013983860552,0.0408835338397631
"2264",0.297860140277065,0.0134783455875758,0.0970710401506545,0.79716496296539,0.0771092562064189,0.0377708502111241
"2265",0.295450266695876,0.00462586604652202,0.121456599424585,0.662481722593096,0.0777279575515629,0.0331984722575191
"2266",0.238198490193124,0.00496095614206624,0.0935189938731739,0.873594767707703,0.0810377640895244,-0.00081826373831361
"2267",0.236322193331331,0.00737905558851712,0.0756250791518856,1.10154840271596,0.0846421803865771,0.0484174116710503
"2268",0.189343803500471,0.0120622697645646,0.10441544545033,1.65958834574429,0.0801274090507724,0.0428711526870328
"2269",0.301378152968362,0.0095505947464698,0.128107074758569,0.719465565384803,0.067545158805923,-0.00329031938314568
"2270",0.217127194705511,0.000764920988068467,0.238160396309894,1.08286719930901,0.061385631114282,-0.0359850225414062
"2271",0.281917432382927,0.00016325214899889,0.248355041671265,0.774694800079026,0.0601960738980646,0.00834255212079555
"2272",0.353948650125537,0.00190571107927313,0.275112716261674,0.782869108868934,0.0590931790794264,0.0111607218815881
"2273",0.341110704040168,0.000454320243257748,0.210438284681687,0.662127624224103,0.0661402631157455,0.0249449241338556
"2274",0.294955586078244,0.0058747615858903,0.199578773756654,0.894573576066695,0.0650561818294504,0.00754295948665766
"2275",0.280041069369328,0.00219144321190372,0.163719000783143,0.743137766999243,0.0706043791018459,0.00315340098423153
"2276",0.323875841506409,0.00109666374150832,0.189997370451272,0.75725632772901,0.0658225034018139,0.0409243829077505
"2277",0.30017395199158,0.0016889666275332,0.232439929928643,0.744385015949819,0.0620823863506618,0.0253988358145448
"2278",0.187841597072364,0.00369007108434122,0.173004686641271,0.785514367507409,0.0641064641333275,0.039068711709402
"2279",0.235518165248697,0.00102520882635966,0.185044493547106,0.736593238824231,0.0596526507258386,0.0469604980571004
"2280",0.1844495906694,0.00121156505849626,0.221023660262601,0.936751001126719,0.06167336461903,0.0333069327754272
"2281",0.218282137359327,0.00315449036127981,0.281681028948814,1.05823920037363,0.0527328505543253,0.0296435033989068
"2282",0.262079285318599,0.00090554954023725,0.246521484047933,0.886564875255282,0.0598697056817286,0.0139128497662022
"2283",0.336084523015667,0.00201518778508049,0.255180372321181,0.826638281027076,0.0598335850760962,0.0205459076717479
"2284",0.288078295278232,0.00265433238318032,0.294948706086027,0.915862828589446,0.0536903192346277,0.0129058203527499
"2285",0.289796567196587,0.00432692636161509,0.284669557552564,1.02426027426895,0.0570681771892174,0.00574460851087924
"2286",0.256172261129705,0.00203617825990697,0.233597648071501,1.02336316940492,0.0597086748727697,-0.0353002957741446
"2287",0.405477290573109,0.00339549063548452,0.101073536131734,0.624267154043037,0.0827594741385287,-0.00545426110825629
"2288",0.385079964460492,0.00726716445461235,0.139790656806327,0.690673902453038,0.0723641556569541,0.0195955499657193
"2289",0.247110731154375,0.0100343444021536,0.129653127454553,0.897104965972477,0.0678049347640837,0.0312725435780184
"2290",0.268969400604036,0.000852232229392675,0.153466903742441,0.918167239076286,0.0736977656875736,-0.000548554796230481
"2291",0.269135844892089,0.00182802168360383,0.154482582960677,0.679988828640526,0.0695938337942628,0.0283102854395422
"2292",0.319265479240945,0.00271411786350095,0.148497766610534,1.08662192521149,0.0709085648080993,-0.00627005663236974
"2293",0.246349964728185,0.0168354917326614,0.105684375444592,1.05860528427643,0.0724005094952482,0.0154862676759095
"2294",0.259091162877879,0.0038082444283235,0.141523122813361,0.725865644291372,0.0711555042020347,0.0334836199344972
"2295",0.248742846970426,0.0048985896455868,0.16936935933956,0.772094985633695,0.066097562800408,0.0247682454565704
"2296",0.260033489550302,0.00240238248200007,0.23602106723168,1.03157278375392,0.0605379207791015,0.0417871006923648
"2297",0.205541767387553,0.0016187656214672,0.220471729426499,1.15572066342202,0.062949216990091,0.0315659651815671
"2298",0.250736913704851,0.0103223860655373,0.141834335465575,0.912125026869575,0.0680951790260862,0.0495166394441637
"2299",0.24073642313846,0.00882682595428314,0.147096789913355,0.873950359865931,0.068820557504713,0.0148105010898347
"2300",0.248069689031199,0.00220147195957949,0.155601145585725,0.818738854484261,0.073167257070977,0.0188039483447524
"2301",0.333733700897757,0.00188018468825429,0.223539800854656,0.730757491180339,0.0619069474653403,0.00886605066629486
"2302",0.21364633672805,0.00386874147560709,0.268376749851831,1.00275112721102,0.0557128753907661,0.0125554834107638
"2303",0.307775266288193,0.00326627927711187,0.193447976913005,0.757977026752448,0.0670132900291839,0.0352546321440793
"2304",0.23579109822908,0.00175806141264491,0.205842458395298,1.03256574344734,0.0630210936422321,0.0209615508900418
"2305",0.194808935290583,0.00349359791204492,0.158069983215392,1.12164297430983,0.0670538231036513,0.030750603032235
"2306",0.188175472985579,0.00102053722922134,0.154434000352769,0.849337301383576,0.0690327885094804,-0.000341191046956783
"2307",0.32253253576041,0.00795384695239331,0.151119806942193,0.742679295492975,0.0656331253688048,0.0110088128369298
"2308",0.26009730177084,0.000133666118841243,0.143827999360753,0.841120783115684,0.0743216308032411,0.0045492683004566
"2309",0.240015602137608,0.00966412554228409,0.130299062540578,0.922456332645294,0.0716780771854032,0.0339802829651753
"2310",0.298126007208078,0.00282138957105525,0.169683603929135,0.740879564814124,0.0674218143735984,0.00569126677930781
"2311",0.228067101448848,0.00171275129072897,0.139014541439154,0.894098383036834,0.0719992803527999,-0.0105477670666333
"2312",0.278991455494525,0.00530731511738834,0.180226819817026,0.819964088048301,0.0642942996571038,0.0180907636071391
"2313",0.266029564245701,0.00520827654673821,0.140124397338616,0.682516686724086,0.0709584862085849,0.0264912881747803
"2314",0.270496423747468,0.00108308661629985,0.200580376611921,0.864336335901892,0.067248598041811,0.0132206771366828
"2315",0.230358634698877,0.00529354343213567,0.153102993691248,1.02425688300806,0.0704324255778684,0.0197299954247957
"2316",0.292000728080686,0.00658690434971987,0.152035249386646,0.884992996363404,0.0697703279467789,0.00477260609321854
"2317",0.338618644329169,0.00576124934105313,0.168387134231739,0.998781535136556,0.0705702423284274,0.025581898144712
"2318",0.299280682376152,0.00114090219238234,0.136602434527105,0.590476716839882,0.0757782471540125,0.030683588629999
"2319",0.275232248622603,0.00377950064848381,0.146053557543324,0.876852079362583,0.0736661591816842,0.00475093534158168
"2320",0.245052894209856,0.00271536718779357,0.139202599413972,0.944206349272986,0.0742080564776985,0.0255571843021917
"2321",0.211369835622751,0.00317479419128468,0.123486736453913,0.992642821039902,0.0738145255980453,0.049651040115174
"2322",0.178635629919963,0.00290652946052996,0.0728411315723715,0.7523262748397,0.0869570148661246,0.0311337622696342
"2323",0.18387733674106,0.0133405111514264,0.041518959399101,1.22801453835397,0.0980263016909549,0.033255172884888
"2324",0.279888365448595,0.0199608901394382,0.039261531162197,0.877551704623705,0.0940645523645587,0.031304081097657
"2325",0.338976016213389,0.00851185500439553,0.0989256137919353,0.858052374792403,0.0798230979510949,0.0351725117106959
"2326",0.265428496724824,0.00528276190989731,0.111321420592289,0.831440983430945,0.078429101727755,0.0299567759625516
"2327",0.231624498695483,0.019715257862527,0.105052408815431,1.28556324960561,0.0746352779262261,0.0327175522585403
"2328",0.218769164996698,0.0148526615566301,0.105896328913497,1.21367260370778,0.076777547230163,0.0390991204542991
"2329",0.302066349162853,0.00695077739806966,0.117435362389177,0.724633242287442,0.0739187961075501,0.029975858424578
"2330",0.292658879721182,0.00332837336787362,0.172696270058454,0.83011098783196,0.0672717791983882,0.0399255631357238
"2331",0.208231774337671,0.0035548981172413,0.166386099200437,0.881498736952475,0.0710229643199588,0.032890105798137
"2332",0.246540888710682,0.00547542925547285,0.0994274262958684,1.12166577908855,0.0742674431370576,0.0296255051922225
"2333",0.232061694414184,0.0038829554372585,0.090975533272359,0.870008293129053,0.0843130753543095,0.0371352264636659
"2334",0.167804780851601,0.0037543066182517,0.104603731511622,0.82376459349607,0.0725716094441053,0.0337343332703974
"2335",0.250805239823298,0.00406808368794012,0.103382000476237,0.76864217433356,0.0757500987790252,0.0247869526813983
"2336",0.288850328961904,0.00439189556857001,0.106864687578956,0.896740638770455,0.0815666673927184,0.0244631610385091
"2337",0.278541751521356,0.00225162350019187,0.123875412947526,0.795843117669251,0.0747373379118612,0.018576969606672
"2338",0.271896179290518,0.00520828029753066,0.136027592850434,0.615540202103851,0.0764881512633914,0.029137705430752
"2339",0.287956413347838,0.0133635845945496,0.100840912069222,1.08811151066703,0.0779636274593136,0.0231976732785979
"2340",0.230790902645726,0.00477588119233716,0.129189102547961,0.843928473125473,0.0736005817571749,0.0386161713204401
"2341",0.26144004616348,0.0153668939853631,0.0845420402892433,1.01627938804855,0.0781779351489868,0.0229694840575824
"2342",0.240443272849905,0.00376182455461515,0.144422643487961,0.827222340585462,0.0732929715294095,0.0456277917674393
"2343",0.201855729880043,0.00716552664071108,0.0933768180880723,0.975126344420862,0.0772116878281171,0.0246325773997647
"2344",0.241960366597423,0.00148875075387062,0.135177021707502,0.838030397601086,0.0706235457996847,0.0352104908023097
"2345",0.24267511723857,0.0146405671989342,0.131560121955379,0.928045155766265,0.0669724646569531,0.0453728574755863
"2346",0.236276486065846,0.00387531786104707,0.174072620807952,0.889210075065402,0.0617206444006861,0.0337367696306548
"2347",0.259431861566337,0.00121343613122086,0.217061289851433,0.907298120972478,0.0645827341380015,0.0306333629621766
"2348",0.24344867058382,0.00342460222791518,0.221714849655228,0.847158497708926,0.0602251221512674,0.0434669089444728
"2349",0.30481938105186,0.00368359434744724,0.222169419358667,0.904857181886347,0.0607907264076813,-0.0280688684520424
"2350",0.270851444485704,0.00249352229309018,0.20596221001562,0.759248721322699,0.0682789609310318,0.0244243326164937
"2351",0.326226858089304,0.00832890463642909,0.153126354593326,0.768631130190233,0.0707682996171317,-0.00907770129518268
"2352",0.316794836057913,0.0077513443981119,0.235931655281538,1.03293292768125,0.0598787517233325,-0.0120601956559828
"2353",0.382681764661755,0.00112253990066137,0.267498157003132,0.850550238098833,0.0614059859586903,0.0297553421277809
"2354",0.406645018303808,0.000650686078503072,0.218167117324033,0.555415144504738,0.0671520174517779,0.0381889307369949
"2355",0.490905232250442,0.0112496123521565,0.166816717305373,0.727289825416262,0.0688498128931951,-0.00290562670355369
"2356",0.404052786293606,0.0115657784704596,0.163228082855292,0.848983233382454,0.0705830811928087,-0.0136171366152435
"2357",0.34703797662485,0.0124320847682817,0.165230984495055,0.793193350390407,0.0649329029286378,0.0051158134662188
"2358",0.300936788379444,0.00479226119306369,0.246612099670252,0.961063313509332,0.0592533915464593,-0.0142348112216735
"2359",0.284325019044092,0.0135975780851783,0.106893479304325,0.933885435584547,0.0783011950553225,0.00443832212124369
"2360",0.215665474890555,0.00324979380312041,0.170792134915482,0.96177312045041,0.0661359954569725,0.046456494128571
"2361",0.291617522979255,0.00108811714862795,0.183163496128747,0.793433737597175,0.068060674357056,0.0174917018206932
"2362",0.279541909993871,0.0140309261950489,0.211444484873816,0.979855698833371,0.0637600548127132,0.0208217423345715
"2363",0.209185821651856,0.00520108477434221,0.282683638193505,1.68869642013028,0.0574003629650941,-0.0154984863843783
"2364",0.231567043708993,0.00496533959993119,0.19406988686877,0.89633251048895,0.0652581237161892,0.0337546705916575
"2365",0.264448407190689,0.00656318822295061,0.184788872991141,0.855616906079548,0.0651820323400213,0.0247593561636598
"2366",0.23728108031308,0.00118351085713522,0.124188983767218,0.69217401687612,0.0756803318897485,0.0327887408338663
"2367",0.250668215868351,0.0033372715956435,0.114700882857048,0.554275402251309,0.0759151647885991,0.0339368147257514
"2368",0.276578238207787,0.00518511215019476,0.145797071352321,1.03366018431191,0.0718021592584689,0.00571624272704347
"2369",0.276868078801394,0.00773654319182764,0.13148496763893,0.843163720477235,0.0739163986298827,0.0247048427623291
"2370",0.276579244476216,0.00986033549662871,0.165754171640252,1.18131974710889,0.0652719178559712,0.00955147327964787
"2371",0.371682604162197,0.0105969673424899,0.160454270649954,0.676097046753834,0.0707497505992423,0.0140900182662952
"2372",0.360492277927724,0.0091256155347953,0.144167614034637,0.670833040591675,0.0761358001732228,-0.00675849694155046
"2373",0.267164237732935,0.00962435615718562,0.0973804005307595,0.853565955287442,0.0840319851504827,0.0225432247764406
"2374",0.230574499406512,0.00291179898423207,0.126735317140351,0.641985445905811,0.0713926474738371,0.0241466421808124
"2375",0.261877272844196,0.00229825121467591,0.162888306000191,0.641589055714878,0.0704908295212342,0.0195281035542868
"2376",0.248787281669478,0.000671426487309705,0.169781388533254,0.766621789966601,0.0702119462751173,-0.0282984646069137
"2377",0.260005050095062,0.00448190685460496,0.164471667951956,0.733692216353866,0.0697301675178422,0.0275977187775873
"2378",0.246550738895374,0.00126324788355134,0.129780416661927,0.880293848657294,0.0747186782891662,0.0184517182249248
"2379",0.200168868430533,0.00370754035320942,0.148141090366112,0.928241816425762,0.071557513170132,0.02348738439625
"2380",0.201194290293965,0.00839508991123078,0.188482819912183,1.20957754195934,0.0645918002077786,0.018483078639574
"2381",0.265360716812083,0.00151098298790204,0.142456945784975,0.8780159513118,0.0731809086734473,0.0199567107436375
"2382",0.278461254281164,0.00588425319284011,0.138399091823707,0.752859707816953,0.0745649712439807,-0.0129118908171059
"2383",0.287133954793502,0.00135231853584269,0.117290974959031,0.612230332665561,0.0762832942641548,0.0292585604092255
"2384",0.320405913673662,0.000867801280398934,0.198486169633052,0.708956730586336,0.0655892948718142,0.0320933475428778
"2385",0.253651467438211,0.00293021182958229,0.245562035141839,0.86764786544064,0.0535005020773199,0.0277786924097386
"2386",0.270963042431833,0.00669051317332716,0.245327240806421,1.10130404688869,0.0583436213945391,0.0020872839275567
"2387",0.386026067266582,0.00425880213660687,0.207030312776404,0.785474242120019,0.0610446144779428,0.00398189947255113
"2388",0.299420684284141,0.00401568666442862,0.190581652124365,0.893294296971067,0.0635217799972277,0.0325433464813261
"2389",0.311298527434123,0.00548349105107871,0.180822739687989,0.787917771857252,0.0698747334202532,0.00111458365232415
"2390",0.18998810463977,0.00446549076095623,0.130513770950616,0.885756500316885,0.0712186551470933,0.0191030880546314
"2391",0.348004532844813,0.0029811924018607,0.140119267660486,0.867091030876855,0.0757585043948445,0.0179266688722603
"2392",0.359483733542162,0.0200881758920248,0.130007313073223,0.880302734558034,0.0690253066997864,0.00836641506121825
"2393",0.332913731545427,0.0157669872833787,0.142497154947768,0.953342466985367,0.072346846219806,0.00202299946887051
"2394",0.461880262714497,0.00525673501727748,0.166331928146501,0.617766971648471,0.069534724521465,0.0168652475056086
"2395",0.428013223812124,0.00465493413609898,0.234925904455649,0.655015971432063,0.0617376862151704,0.0141023696936308
"2396",0.236470400603806,0.00556597211255559,0.196965607029089,1.11640257398122,0.0646423297265699,0.0228800962423819
"2397",0.255375862250183,0.00246256935712939,0.197870112244817,0.991098247254039,0.0672439207888608,0.0370236113457401
"2398",0.278248341252492,0.0072912581036333,0.141006878576289,0.710573422227636,0.0738044116275925,-0.00709856091505603
"2399",0.378621195568413,0.00278952159442293,0.185937324466814,0.6049356877751,0.0677690886800649,0.0300940322784052
"2400",0.320726698503569,0.00596166147648176,0.125700556013788,0.912947750599692,0.0726152869238352,0.0127866741067166
"2401",0.356222978243406,0.00755536448040398,0.169283018578871,0.672311017167158,0.0685033562309448,0.0252358954824443
"2402",0.246798853087997,0.0127136835901726,0.19995573255643,1.54829763083406,0.0620572551630443,0.00842180956398287
"2403",0.26925103521831,0.000383990891924964,0.233567540262673,0.971962361227097,0.0626465748437983,0.0126440540283567
"2404",0.287760577028626,0.00207125243478378,0.205694880756934,0.77881620365232,0.0679855881089487,0.0207079238317984
"2405",0.275434492455621,0.00970880146567291,0.166665144804933,1.12263940666089,0.0699666532218249,-0.0449214398530296
"2406",0.368378457075934,0.00405250518831199,0.170103917951505,0.657481491522452,0.0727683424338219,0.0285501200837182
"2407",0.25082988679958,0.0111063671645577,0.159882151282112,0.885921108975876,0.0691612849071256,0.0243237352930996
"2408",0.213073173112853,0.00243802744756723,0.133771428447655,0.799665925567042,0.0692373014165155,0.0166028832763325
"2409",0.347918309046872,0.00188586481390764,0.200212643478461,0.632598745745353,0.067315531321809,0.00348818129795359
"2410",0.246279584638781,0.00419604678852696,0.183673581462456,0.705648632508807,0.0672289042381971,0.009509615195559
"2411",0.399459902032291,0.00422828808252722,0.105849642374624,0.591718576818912,0.0764455722657485,0.0256692051345662
"2412",0.355692017375599,0.00687510327317831,0.130234437417038,0.665156223802635,0.0742425636899426,-0.00462759848510643
"2413",0.312642961617681,0.00672598076651008,0.116024802735178,0.797454495213541,0.0751893790405464,-0.0164552081561906
"2414",0.336807633281619,0.00349743384809668,0.178494868547498,0.745304069715921,0.0660487557420707,0.0160675460632644
"2415",0.299903776039902,0.011800963000593,0.21853560942742,0.753031425987576,0.0615925501887325,-0.0047455717869097
"2416",0.277865158544003,0.00595164431358467,0.203986241777196,1.09502608330548,0.0647480100233057,0.0264698794836566
"2417",0.220982656363159,0.000660149980600444,0.168973648116611,0.936879277515246,0.068790809829828,0.0265541054678408
"2418",0.202014700286887,0.00285743864101795,0.134425173194972,0.873198384008429,0.0704847956579903,0.015461956861951
"2419",0.296187251575171,0.0043763330393971,0.135684757410018,0.832242677094035,0.0733844231700888,0.0124515591278355
"2420",0.341490009726625,0.00686726365633201,0.178594730766731,0.764201644410068,0.067066823825761,0.0136785867356495
"2421",0.300366608387759,0.00751057841758563,0.192441140509207,0.935746683082017,0.0688410507406065,0.0103547137087606
"2422",0.332259926418078,0.00197983314646921,0.215606486728308,0.834759703292042,0.0641261358866825,0.00874393914700846
"2423",0.286755622501269,0.000847962466139627,0.250051768082806,0.75746430980734,0.0644824683986247,0.0451719626086852
"2424",0.256625911009069,0.00997786681131256,0.188386744036154,0.803964777278944,0.0639627446512042,0.0270373076309005
"2425",0.24588362885961,0.00308683298403009,0.297721885945618,1.24362597247494,0.0576533229129759,0.0228864007472391
"2426",0.225543589071717,0.000554111929620173,0.280738166881598,1.17726010091915,0.0579080302418945,0.0171877240408214
"2427",0.255549677726765,0.00254598835942533,0.283911782636884,1.12619073399432,0.0592652781198721,-0.0268695043094101
"2428",0.261315041725964,0.00447648042326635,0.382134302707117,1.10177060633644,0.049348675798363,0.0242647199686574
"2429",0.20158079183383,0.00153519555468113,0.258566809937219,1.21253794444158,0.0556746615979077,0.0458545611892216
"2430",0.185870987535473,0.00281833952659261,0.212931679619488,0.949457949650957,0.0614612953564456,0.0221142121305599
"2431",0.245752154395818,0.00339367053246079,0.267731430018722,0.884026612546799,0.0600246027409987,0.020703546830875
"2432",0.281930357288798,0.0101272273595084,0.136120570326231,0.829318412093466,0.0690803114554827,0.038269929971507
"2433",0.242441508260809,0.00307796779920072,0.20115889879825,0.83988308142321,0.0635649653145374,0.0339621489260239
"2434",0.193962305265453,0.00612846596369156,0.218857980573852,1.47378305472217,0.0626597135774328,0.0201490362950722
"2435",0.26145564396127,0.00305091510591267,0.16843755260467,0.866964383266223,0.0660583912433929,0.0247849914633182
"2436",0.212892531539808,0.00337830405798824,0.18391507255161,1.0114881582514,0.0674970747402107,0.0140824344706487
"2437",0.306275097298677,0.00629952414494827,0.241610937120602,0.800197477559229,0.0571773857518551,0.0246477194265956
"2438",0.14050735761794,0.00125022195726803,0.225544547968371,1.34672471097539,0.0571033132871279,0.0373025971964666
"2439",0.221415929986263,0.00102667338132878,0.269866781496372,0.832273380066227,0.0566220387688807,0.0396502933391832
"2440",0.216588931405783,0.000752511251205981,0.224289148675982,1.12249579315177,0.0580326659342021,0.0435654080321721
"2441",0.282794644349236,0.000915230389624934,0.169471577253256,0.906297990915407,0.0679229908319732,-0.0182383149917737
"2442",0.26709495964695,0.000985920738800853,0.149474358712309,0.670202111166461,0.0710606319724209,0.0170593667911959
"2443",0.240828130971188,0.00821220870924445,0.217943387077506,1.18014259882082,0.0607017623858854,0.0278144173470495
"2444",0.234692930401025,0.00632052577395086,0.204956884841076,0.824331054034978,0.0600402967793557,0.00615199308440946
"2445",0.221216148280782,0.00238239114401932,0.180774828591711,0.93793391443434,0.0668548363569162,0.0299803992506661
"2446",0.299970881766888,0.00189046495949726,0.215508038940638,0.931256631917591,0.0653646541145124,0.00787958763256201
"2447",0.280285046307234,0.00561612236152568,0.226366060444443,0.842225727705303,0.0609975425255454,0.0310489947480397
"2448",0.231766832700317,0.000318455316656725,0.198816569388013,0.939676977021193,0.0673943173062068,0.0129369571638722
"2449",0.216797050249561,0.00403428963462043,0.138756890376593,0.865987912824163,0.0719204061996491,0.0110375060263451
"2450",0.352495421046923,0.000983529254125751,0.229024767596777,0.77219009285572,0.0610283595196327,0.0289972130353591
"2451",0.296381924789759,0.00123107080256928,0.250891317815164,0.803310456757493,0.0613749581887461,0.0185271477428583
"2452",0.363350846680683,0.001633864569144,0.233279446154545,0.647840507843606,0.0623515151333659,0.0323681632459814
"2453",0.293634535623658,0.00398608441478599,0.189457186181237,0.7806431142235,0.0660713041473891,0.00904048537697448
"2454",0.312255956256045,0.00191794027851144,0.266542580076369,0.899224464240132,0.060726058422523,0.0237644134970126
"2455",0.202080514079829,0.00659029123795947,0.218976711181035,1.08728106038806,0.0608975307664469,0.0119617722514046
"2456",0.30092941660792,0.000673189262942313,0.283745057579046,0.853287429543185,0.0542313798459462,0.0319761640255982
"2457",0.330690793161194,0.00358174096627087,0.272760780999337,0.628932711390948,0.0596660707528854,0.046874462761027
"2458",0.272234840176527,0.00760723251144195,0.182933496068142,1.32549921552091,0.0661969258460113,0.0187950838402131
"2459",0.272972986948901,0.00343527639274755,0.122282114493732,0.803229797535377,0.0746414780349552,0.0449141481756861
"2460",0.27407215012416,0.00825924355583539,0.116093835638537,0.89899672518534,0.0758896899689347,0.013693703146947
"2461",0.233771746524723,0.00236053505948996,0.149772355491832,1.06590123502301,0.0704650695628666,0.0417078439511014
"2462",0.20991616729237,0.00198947992812733,0.191677287440459,0.991515623948376,0.0651118002835254,0.0297943074453486
"2463",0.277506736952958,0.00361855683509915,0.188811074648446,0.673049427159021,0.0665081868027545,0.00910773008867026
"2464",0.298262986154166,0.00218770729248695,0.179450201981845,0.917917315981451,0.067650836388071,0.013051643537185
"2465",0.31445728962113,0.00429546176975975,0.203753003502975,0.759456855527077,0.0655976166056158,0.0307444014269841
"2466",0.271988831655298,0.0058512100504057,0.158409735998323,0.824748572886509,0.0684616014181281,0.0291453563495161
"2467",0.285825573068556,0.0100979570620837,0.151812586476907,0.761874300505259,0.0663779332150767,0.0197111601027765
"2468",0.287817649967403,0.00262069385283045,0.150098089646543,0.784522611551061,0.0707000327652555,0.0329863543696107
"2469",0.301820095540866,0.0105639063791623,0.161675661689756,0.790395129297259,0.0694978918389228,0.0219835118967627
"2470",0.259503023440341,0.0027747628434616,0.232983240677706,0.684501601913811,0.0637183064251687,0.0267143516546804
"2471",0.352362503731727,0.000221207410702135,0.207458198108748,0.742316505174565,0.0688023344927847,0.0133792867067922
"2472",0.256415849132824,0.0101202108613536,0.173414285043665,1.02223218740558,0.0653294926656773,0.0492582205080822
"2473",0.227482636180051,0.00106658403619129,0.317436209269643,1.07213271382019,0.0530237563916788,0.0235756310637382
"2474",0.25634685299012,0.00202032195272174,0.378958060653788,1.10389612742882,0.0513128302466321,0.0125740397996978
"2475",0.293674818528366,0.00134423762369963,0.295040972400763,0.892000760336194,0.0574458951664998,0.0171155559658103
"2476",0.330480726779339,0.00170691034670113,0.351667306914405,0.919581431930175,0.0554110323879995,0.00449259847330204
"2477",0.321094151828662,0.013021994890304,0.217367852476527,0.980384787204599,0.0634571162544515,0.00320865952416001
"2478",0.341407494486722,0.00312150054923234,0.286887228531081,0.733152063611316,0.058869789051411,0.00746915591983482
"2479",0.373394601378598,0.00284508927680876,0.389632219574848,0.782766327062123,0.0525777049761786,0.0159325977873455
"2480",0.458432066490212,0.00411483093158276,0.349496303782396,0.824998197292916,0.0562174439806929,0.00277174909251839
"2481",0.340505697095169,0.00331188881657729,0.355841204967975,0.890840537591713,0.0550552839677792,0.0138298772795802
"2482",0.271186216490705,0.00225182067361137,0.329950037836923,0.771908459821357,0.0564252622476847,-0.00741629634586318
"2483",0.395202448092326,0.0101099281234097,0.23835881732166,0.921361649292731,0.0638406272239075,-0.0284748282727667
"2484",0.332870263765223,0.00137228504842678,0.305472683706367,0.916455125559945,0.0558010062556473,0.0236268502053275
"2485",0.329752142656384,0.00528784465988358,0.170087533898723,0.72496786405579,0.0699964099935998,0.0289658397892855
"2486",0.400111007415822,0.00155447027014822,0.149707332018522,0.63629357829538,0.0741589256304211,0.0141370120171992
"2487",0.316682736048609,0.00550222819482202,0.170487279629503,0.861234033443427,0.0695493060493138,0.0360300525965923
"2488",0.24171782672249,0.00798195512682119,0.125425052501625,0.898891001647525,0.079550575607574,0.03149519422495
"2489",0.199703795108081,0.00476765728664452,0.156279798339583,1.1292660380993,0.0688992453363724,0.0365278071741146
"2490",0.22950461110147,0.0024131800743189,0.188324375234092,0.937213320614488,0.0650918397566802,0.00731091477651279
"2491",0.257176206582082,0.00331076342783315,0.150197950897726,1.03797298606801,0.0696431854735998,0.0120462185969734
"2492",0.239790561404494,0.00252446055007572,0.231805648456698,0.793364320410491,0.061907070165259,0.0374245380356433
"2493",0.236126628754672,0.00344112418329154,0.193465755491969,0.995053012086347,0.0656800120924801,0.0336725026818489
"2494",0.213774269843375,0.00558849075131781,0.120326823800495,1.02656194433813,0.0754386827705552,0.0399607796904811
"2495",0.221476493401797,0.00513639113341553,0.0903737815335878,0.815855251037166,0.0813648242249833,0.0448192143134018
"2496",0.228703621734569,0.00615085342514627,0.0572673235600624,0.651475072959531,0.0907859311302713,0.0254717022370993
"2497",0.300271682794038,0.0126201545319857,0.0590207514301159,0.955363899011746,0.090857008690922,0.00779656621440233
"2498",0.220068115633565,0.00738956587996446,0.0564099181758722,0.897609478354787,0.0901415695180065,0.0402957206091927
"2499",0.201605722426559,0.00513594329371995,0.0980536503973646,0.891783630057868,0.0762108471965299,0.034325788403798
"2500",0.209698522419503,0.00304332161337889,0.128258951613578,0.757037519641606,0.0769250419572138,0.0394037409519277
"2501",0.262763862083575,0.0113284577160143,0.102329555055458,0.832732002313395,0.074845381678445,-0.0104506045346828
"2502",0.256953664797529,0.00567696268945,0.134819679935437,0.781485386558133,0.0730881516035064,0.0383567258634563
"2503",0.229342141159134,0.000244889683636259,0.114583102826421,0.739647642764941,0.0765283245383516,0.0355447550568766
"2504",0.213042615523828,0.00509788253415353,0.0859036102434198,0.926895843362193,0.0815610877263261,0.0316219307888245
"2505",0.231765368295998,0.00771535627785748,0.0898801376647269,0.768488675192377,0.0809675808443237,0.0296837337337783
"2506",0.313841893678472,0.00825756290160224,0.129249199470335,0.735432795839133,0.0717177486703934,0.0328656194785356
"2507",0.231645345089139,0.000972715162415019,0.127289376617475,0.94479619850581,0.0768326335886813,0.0382400231692582
"2508",0.287086313076151,0.0024728103951612,0.128281519404882,0.717266943069669,0.0747533307532402,0.000866327751677422
"2509",0.288664046399,0.0127500952782844,0.119542211235198,1.03934781572361,0.074873300822513,0.00105931064571114
"2510",0.316960247068796,0.00176934151385815,0.145782642338651,0.781908572946141,0.0737666516590246,0.0232022103715188
"2511",0.239439580361468,0.00280905953903744,0.158518069260502,0.806726048254544,0.0685887401133905,0.00914529472764436
"2512",0.318631983115101,0.00606235045323262,0.149253677985275,0.916030303355236,0.0720168518163587,-0.0035082287797628
"2513",0.147041654143751,0.00374567116612586,0.121227832467041,1.33294648367533,0.0743857471667869,0.0320615629201244
"2514",0.205026817799993,0.00516013269377804,0.130680735389556,0.742229120589927,0.0677222944431291,0.0305627031001041
"2515",0.255572113236341,0.000833633613575233,0.143406146886776,0.769564861666579,0.0708593516996739,0.0109869260023992
"2516",0.256798089048961,0.00307360413579205,0.153277709173769,0.701921508368765,0.0717665423962353,0.011731248327895
"2517",0.378861928722043,0.000519720306790622,0.158789029900488,0.709573504003262,0.0741705047549523,-0.0246529350907917
"2518",0.252021227365034,0.0020985186400302,0.139647542902021,1.0157451459198,0.0735635844503373,-0.00291233311706096
"2519",0.252508406948526,0.000240249842903022,0.224301063541531,0.629469913537056,0.057314481355618,-0.00235790610154854
"2520",0.280539473337061,0.000926295043812374,0.199587325813121,0.944169544025868,0.0637167935924318,0.0313426804057112
"2521",0.243994243923788,0.0123883477976348,0.176879181918113,1.14925231795451,0.0664013583538638,0.00288039782231323
"2522",0.244439861223517,0.00550480367447059,0.216565130419969,1.04539277379914,0.0629462411560612,0.00879131854402014
"2523",0.351642264051205,0.00455799067653294,0.219045510318763,0.765790295897472,0.062490493655051,0.0134018474162254
"2524",0.307640129403383,0.00108758518762195,0.237063446046809,0.642220503971988,0.0632091726569922,0.0221020077290907
"2525",0.377404866106349,0.00051316566174467,0.229601021701119,0.754306935551738,0.0661022369215583,0.0200643684136636
"2526",0.369871217476682,0.00785973717476438,0.202725377153703,0.768801639297909,0.0666869284777125,0.000177270717208317
"2527",0.483395344741887,0.00163297554263236,0.258579733966238,0.588994350735835,0.0630273997821255,0.00881321649990538
"2528",0.39035429227265,0.00138710312320068,0.23529945213141,0.654308519867581,0.0679655522262425,0.00362103091038975
"2529",0.370673183633698,0.00277011711483914,0.194949200070915,0.807839521730279,0.0706286604709968,0.0167998452321178
"2530",0.293222507562008,0.0101017447880305,0.247411148971711,1.02473075831287,0.0589224758714847,0.0377796610183894
"2531",0.36214983566698,0.00621579216764679,0.28394087349378,0.613117366034593,0.0596730019739476,0.0171067733130408
"2532",0.390209306312311,0.0137123094112984,0.22120478649945,0.820764899574331,0.0628375164380051,-0.00147851102312517
"2533",0.336320181521117,0.00302138101501602,0.248376278033824,0.89104323183937,0.0595763458063549,0.00280020923487303
"2534",0.258493641964567,0.00232591878678728,0.281379031335127,0.964901753169998,0.0582319376142995,-0.0166063268893441
"2535",0.438959777316061,0.00375076320593367,0.279830076713755,0.636028112875387,0.058606570095634,0.0425411370308964
"2536",0.404330307350435,0.0098005049426073,0.312306686857064,0.908212364180613,0.0533055111439936,0.0126456160368943
"2537",0.319982646064864,0.000450036900223463,0.299671185350843,0.852086404872018,0.0551116757560901,0.000434439009433532
"2538",0.327385641188551,0.00211289226534155,0.334970458049811,1.26398794281217,0.0565892249308891,0.0158847127561219
"2539",0.430511337135238,0.000257563241119149,0.360659090930803,0.596929637493285,0.0566404953137537,0.00535675282350251
"2540",0.436370203985807,0.00232549110854532,0.276644720686844,0.692977983732846,0.0630716987713454,0.0131467767851131
"2541",0.372371821938805,0.00221416522455037,0.249015472551661,0.653778869894021,0.0657717336828837,0.0063959402665002
"2542",0.382665023269745,0.00138670469181147,0.229098114813715,0.724563146534388,0.0645150168247835,-0.00029040094357553
"2543",0.338838958047551,0.000688876630037668,0.167727789675322,0.788884462420529,0.072891930133703,0.0162515224998446
"2544",0.28443588170649,0.00241836312170325,0.147152696056271,0.838098275915156,0.0749783043916484,0.027237971504583
"2545",0.253417299270684,0.0053800921553513,0.116194593210478,0.868223010935466,0.0803200665473727,0.0234666296715284
"2546",0.304331258420919,0.00556505564380371,0.167112199418468,0.891140977342044,0.0693749611511033,0.0223852335322992
"2547",0.230346115032244,0.00594738391340322,0.131398113514422,0.984336555852497,0.0723965490418309,0.0299448589349443
"2548",0.226823162746846,0.00280274774424051,0.161061653168236,0.772676658422172,0.0698060026939769,-0.000203014740455186
"2549",0.356960896052356,0.00116918583322155,0.187393206820997,0.624528302159591,0.0679140089499141,0.024245456259861
"2550",0.347194242218669,0.0080009261596528,0.211442107756479,0.829090949823219,0.0625973882878703,-0.0128780376811692
"2551",0.288885814529712,0.00464734873084723,0.208994384439563,0.939923763724088,0.0612637076932041,0.0324834940206174
"2552",0.31136896368988,0.00211240893479372,0.244990735820647,0.75038115685838,0.0632663342718312,0.0224641747293581
"2553",0.282708927930741,0.00540274055402096,0.232232052628774,0.987590514304663,0.064863831515447,0.0291207529782224
"2554",0.325174290937579,0.00023463329038551,0.30665325856018,0.849456960957017,0.0570194516352984,0.041730738231969
"2555",0.263306398916926,0.00227591222516354,0.253240841117483,1.03240528942757,0.060046978581149,0.0144317159717858
"2556",0.327705880775953,0.0010904466918513,0.306848725142094,0.843821647258036,0.0573297241363626,0.0167094228828648
"2557",0.274457044999601,0.00227451598527307,0.25486427618667,1.11315614148015,0.061763064519542,0.0306212590998179
"2558",0.24166182452128,0.0018320181078893,0.273895337288033,1.03904667537346,0.0555634866929204,0.0312560317503908
"2559",0.257924740575022,0.000316398011637967,0.27915494977818,1.11568163063495,0.0569804441486905,0.0235007408741749
"2560",0.305075410888695,0.00197391286032439,0.259157266612016,0.815208359551726,0.0588009508143177,0.0187122398169277
"2561",0.482922250462308,0.000403931186186949,0.2398964912935,0.540001951356311,0.0683272122228689,0.00808884327794292
"2562",0.43718027723158,0.00773499075582353,0.197357029639507,0.742630835285736,0.0683829861100019,-0.0615625936890645
"2563",0.329144307461002,0.00316061561773867,0.265683868130916,0.70995717015782,0.0595516843240289,0.0185168076384841
"2564",0.272261380792123,0.00108628829747213,0.312968344624073,0.821361207211464,0.0566355047780549,0.0182226003019932
"2565",0.223532472956702,0.00894467042786561,0.373200673076533,1.68662900105893,0.0499813339638279,0.0289086038347434
"2566",0.286671707355851,0.00236936305364585,0.333156901287328,0.863944593084996,0.0531021775739243,0.0134288201787919
"2567",0.331687268309629,0.00565312027603221,0.315680287775986,1.06459233287864,0.0553554523498368,0.00207477513298659
"2568",0.266292863766016,0.00159756329699544,0.299906123477371,0.851340326094307,0.0574547249558718,0.0143173410545686
"2569",0.25406492538738,0.000988873617041195,0.259727023828122,0.701267686281358,0.0555217713708564,0.00411720702758932
"2570",0.267509731582933,0.00288152840918803,0.420096088008768,1.22198339815847,0.0505908922194297,0.0113180751634577
"2571",0.387567440097595,0.00189795702699796,0.320058643451909,0.742356306150101,0.055585997642355,0.0370714967700151
"2572",0.383693360622508,0.000498158367352245,0.231621850638428,0.780243908006355,0.0640937563690435,0.0193245541561494
"2573",0.419509527123013,0.00178379141660934,0.308778151105984,0.745081738225713,0.0611869253984519,-0.00779268677530858
"2574",0.26962477246894,0.00400561848186971,0.294246671818499,0.855504088998323,0.0506956093831175,0.0288733118801971
"2575",0.397698045449055,0.000771445520260581,0.376763960661299,0.670453323599,0.0516885144562087,-0.00295529399938751
"2576",0.340081668421107,0.00413130166630463,0.24229818042149,1.05453506844515,0.0626649867804652,-0.000984784760828517
"2577",0.293623443778452,0.00508359937081527,0.326914616075242,0.821439696325948,0.0525066394942514,0.0432674300920743
"2578",0.212373271818109,0.00585901703472586,0.37661753922387,1.37577904160654,0.0517446277880078,0.0114444593727262
"2579",0.250843995795432,0.00237932511568085,0.284599349591546,1.04575212929506,0.0559347959868048,0.0324024998613564
"2580",0.373981706558074,0.000210292616821688,0.295224958563265,0.682060050321434,0.0579713210247448,0.013180469177183
"2581",0.3340727495698,0.00730984853257334,0.223392319837823,0.854385838767791,0.0637341604480128,0.0264611891931305
"2582",0.285548646921194,0.00471452150674742,0.233363568892624,1.09339134400973,0.0625123974888869,0.00757485068471436
"2583",0.26360798093216,0.0075259351606044,0.160330059202692,0.603062646162583,0.0637471112006383,0.0368356487849034
"2584",0.271107785958912,0.00117903945786996,0.156277760262782,0.687199944999163,0.0681585756856034,0.0351608465506388
"2585",0.219258063451581,0.00919883173397322,0.165706940539039,1.30555426244105,0.0699849579122818,0.0479190900039322
"2586",0.276832808704179,0.00871746897964331,0.182502102486768,0.866011912917079,0.0654712673835754,0.0406662405871503
"2587",0.243893681529089,0.00256719416580383,0.281058264246018,0.930092854759508,0.0606016616642096,0.0387702396681138
"2588",0.304957987040323,0.00332678733995054,0.221821017507732,0.845870531549927,0.0629775652622105,0.029178161726721
"2589",0.301745628452606,0.000736940720964243,0.275584314090274,0.751686976176272,0.0598212111487948,0.0295015025561739
"2590",0.358417181555682,0.00757753937430556,0.162486794736317,0.63375297848372,0.0721642553986532,-0.0095323831363063
"2591",0.234625755831271,0.0105407493404068,0.165346643722503,1.16863753885934,0.0674988047206244,0.0224866666985338
"2592",0.316414130567726,0.00784614996104665,0.19025420024622,0.853673977427264,0.0697969891588136,0.00957334297171955
"2593",0.297978742372315,0.00325319431372202,0.2409609942405,0.599635304455655,0.0611708087654214,0.0237459946426485
"2594",0.383968377668041,0.00161240300259372,0.191766924207033,0.760059893435337,0.0635747890935004,0.0269687912190967
"2595",0.303909320574876,0.000657984824657456,0.183249304612879,0.855438513686515,0.0687148099412575,0.0115410372724675
"2596",0.323209279523488,0.00704200831963069,0.139154802594132,0.781733671092824,0.0713024913098988,0.018889644881689
"2597",0.290580154856319,0.00132851157235491,0.172549795662182,1.07542164984814,0.0656297699837188,0.0133882956802802
"2598",0.264833066609496,0.0103276077579106,0.160268886628796,1.15974068798513,0.0612253135297711,0.0298838187893306
"2599",0.30653323705399,0.00236392288310775,0.219854298213955,0.929642758392306,0.066356460845821,0.00637764098965989
"2600",0.242394278409664,0.00524201352748236,0.211073444354678,0.901095605529044,0.0582081728357072,0.0479903431561252
"2601",0.268294684246867,0.00540693474986349,0.250425243067484,0.781860308035746,0.0609692999861938,0.0130291141949235
"2602",0.414494373887187,0.000261080230754468,0.147321119807425,0.68823134167953,0.0743631238224456,0.0316991541133876
"2603",0.255295728913655,0.00238055838013281,0.158479677314019,0.823058090121732,0.0726588895797973,0.0245428673554271
"2604",0.254398570219434,0.00482793354868035,0.173683964605673,0.853912826837301,0.0679386499617749,0.0298321071257895
"2605",0.430988884700285,0.00255434528771334,0.268597460272352,0.717555383406896,0.0615511136961455,0.0133976280567384
"2606",0.378131003060941,0.00136518710913964,0.22658855696814,0.586422267218568,0.0664381795562372,0.0162640974853803
"2607",0.245576585762593,0.00143037411634562,0.228598562523777,0.668572683659707,0.0611356305449362,0.0236493481599747
"2608",0.268362436750969,0.0064153988378593,0.172152861822068,0.877715563004777,0.0666451574690932,-0.0199189387081441
"2609",0.267389241724619,0.0107447686951497,0.153466289942256,1.02293397797631,0.0687962910656878,0.0307388857384124
"2610",0.169675373856762,0.00743528292229919,0.112835018603273,1.07957486946357,0.0739816701701182,0.0438295888472746
"2611",0.186224437668298,0.0149676969905899,0.111913479107913,1.183176861593,0.0742328961945522,0.0133751224028943
"2612",0.212581094151028,0.00168791321904842,0.0874570110031163,0.886208121069437,0.0819829644602469,0.0392204239334604
"2613",0.259264875363554,0.00745114968883444,0.0783854442338281,0.907078055035066,0.0866288178219903,0.0235847181738021
"2614",0.216062758131727,0.00986594806256354,0.0725712894126639,0.973455643005561,0.0857338105500633,0.0397328902588548
"2615",0.195650377132,0.00732091166053646,0.0748070710855419,0.902550888731865,0.0820645491635755,0.0398248410128185
"2616",0.225241062967381,0.0109579575180025,0.0692047562969648,0.785264444639537,0.0859324419680924,0.0141235934356069
"2617",0.229932340645048,0.0146252925936542,0.0787138752915423,0.95276917197689,0.084869303053465,0.0367721299105598
"2618",0.233349379406566,0.0140986476831991,0.0711035597825592,0.937508127210663,0.0826887846187776,0.0117128855828458
"2619",0.181756920365129,0.0186909386636286,0.0705459474740522,1.37513796654203,0.0760655941365212,0.0363213786896556
"2620",0.230917007874081,0.00723512671862161,0.126977035399756,0.921121153069635,0.0752024498011349,0.0125093572419833
"2621",0.22539347193657,0.00187243858063871,0.134777854449761,0.943678732325725,0.0710522316076404,0.0242483628225854
"2622",0.29987618338057,0.00827029809867845,0.111949947264289,0.946630337713996,0.0790822243481311,0.0286927723444601
"2623",0.365244191484477,0.00537453270330007,0.17442452041789,0.722131177328947,0.0643024478654004,0.0137702624225354
"2624",0.309911419725096,0.000184634025268251,0.206726131712296,0.946061162162499,0.0659583191295876,0.0203888345077161
"2625",0.306930294189414,0.000680731231618736,0.213087292816084,0.886600921846846,0.0608527920291615,0.00222706351896203
"2626",0.287008286920207,0.00254231503523246,0.189104904730043,0.781162542635403,0.0634234232703612,0.00080422347975304
"2627",0.374930833697945,0.00312463629168068,0.221678928042142,0.628195986986253,0.0610586290908254,-0.00986803907303491
"2628",0.285034843410155,0.00401248558187258,0.239874637364049,1.07026209640428,0.0614036143261613,-0.00902830461677076
"2629",0.297362805415362,0.00079167582755945,0.220679114679011,0.737628973833907,0.0635476105485628,0.0336370940972461
"2630",0.386400370969456,0.000917228926129001,0.19064595884447,0.677595082513732,0.0695785347924299,0.0393704038207753
"2631",0.335015386074122,0.00128296812286698,0.185946774685112,0.657377501382402,0.0662045399219797,0.030403877391245
"2632",0.309446416746696,0.00309352824149022,0.180151634481986,0.925591157928436,0.0693253781222018,0.0074029838406907
"2633",0.311186259671446,0.0107995538140718,0.118355540671733,0.856131671762245,0.0773933416115735,0.0237009059810932
"2634",0.23017521035592,0.00660690779329966,0.124513667855997,0.727607884845825,0.072142339243953,0.0383804038503738
"2635",0.244683557929749,0.00124498473085701,0.183626617505702,0.84999926041933,0.0642595548995212,0.00100092412347118
"2636",0.170195928577017,0.000383982410831872,0.143829478126278,1.21300493908675,0.0722567815327571,0.00969340017403433
"2637",0.283284159964549,0.00195378584527222,0.130398809589754,0.837439545163736,0.0747845603521026,0.0143296306754267
"2638",0.274247233657365,0.0037351623454586,0.166339602623919,0.840910719366702,0.0705424502316428,0.0186469903052411
"2639",0.271749847115753,0.00177270760876084,0.128826887683624,0.855699828034831,0.0743762027349075,0.0102219035717443
"2640",0.334963239560958,0.00366640184142278,0.107811450501464,0.875068606307959,0.0761561115260024,0.0137267900507862
"2641",0.305046390495429,0.0120961813533523,0.133306265536758,1.04043824975487,0.0747500391655537,0.0232306184938582
"2642",0.306118563832041,0.0016163545448348,0.141894481846831,0.710081289498255,0.0719375740305428,0.0131062663084679
"2643",0.219819552303668,0.000582118140385843,0.190142293523857,0.885863855255649,0.0687824424018322,0.0357679469785716
"2644",0.265052694784669,0.00310300711225783,0.277390914549094,1.17449861842892,0.0597837495988367,0.000164178801491673
"2645",0.357210911547373,0.00269647924512997,0.299770535232642,0.911684540438606,0.0584870832564391,-0.0030649356808486
"2646",0.357480576470138,0.00325952839285789,0.296896885598645,0.558467672365078,0.0567490003180878,0.0324010629919044
"2647",0.328615347703599,0.00352636849847753,0.312356525450306,0.852359521784667,0.0559743184816888,0.00855240376039411
"2648",0.254988994142302,0.000923059737377634,0.358110539086112,1.02391782477086,0.0484533452425959,0.0163651614514634
"2649",0.214134406405014,0.0017302594929217,0.477147276753615,1.06529265653572,0.0438169040761462,0.0386811438451454
"2650",0.297586846676201,0.00735955707800102,0.500987562142576,1.18066908253424,0.0452672776782327,0.00352084344146259
"2651",0.337444229581295,0.000814838137750707,0.489893632392412,0.899780957844342,0.0459699641112279,0.0212366931132401
"2652",0.297154998456521,0.00525711687632196,0.316187900367391,0.920692162703199,0.0566337825932019,0.00595836707486043
"2653",0.279279594278517,0.00627466146931217,0.158030582790055,0.949963324240464,0.0674033523262079,0.0146953233217174
"2654",0.303088017373657,0.00116885618051059,0.189052502788642,0.77774115484646,0.0665966143850781,0.00169213628777348
"2655",0.213623249623613,0.000834689142177066,0.177740958823986,0.773494758409456,0.066664443954891,0.0443043259555616
"2656",0.228988304847729,0.00270125423387896,0.268938392705329,0.829709900871502,0.057540649496082,0.0452342812726246
"2657",0.259566567510431,0.00118100832422848,0.339241830433612,0.940421142313181,0.053844731021263,-0.0404058913800151
"2658",0.294312059398199,0.00245089205792879,0.271941881781319,0.985219939133762,0.0614836070751999,0.017825280526936
"2659",0.304961818504905,0.0056137125068728,0.2240547527008,0.988900063235099,0.0585298381046147,0.0258733540299676
"2660",0.294306562141288,0.00224122303608659,0.321351613230517,0.989004010815664,0.0519288467584403,0.0073257603774963
"2661",0.25340909582796,0.00334848526412447,0.259168317991526,0.783888088613829,0.0560519630107872,0.031281883667592
"2662",0.316811754983496,0.00459000151433699,0.328500090358782,0.672796083432209,0.0523738222922092,0.0210236783901859
"2663",0.353258556665127,0.00109579427371134,0.303489029612892,0.639043015886698,0.0594110796297525,0.00390284243145818
"2664",0.254162787583124,0.00207940109999735,0.336119267650312,1.13587668885246,0.0545396844991472,0.00689064471936437
"2665",0.330560025778671,0.000641160048222434,0.269770089037783,0.814226152278684,0.0621135189785438,0.0212837617907086
"2666",0.219490444304995,0.0021615566445627,0.312885572645448,1.06156071979896,0.0553866333711619,0.0411989040606483
"2667",0.282222341194424,0.00114099670056058,0.18380285922228,0.760247681451029,0.0669226646167327,0.028157408340237
"2668",0.300455327498238,0.0112614575365647,0.269123666208094,1.03554831202626,0.058286693331206,-0.0145305079603501
"2669",0.343630217678869,0.000436695043315441,0.27260990235112,0.815094658418015,0.061643621260972,0.0036979162012137
"2670",0.342129551777582,0.0051700342269858,0.200069660384622,0.664671018763364,0.0663036344191414,-0.00485336160770364
"2671",0.25617938564452,0.00899028694722711,0.194138337158962,0.978877841960057,0.066846510945535,-0.00689749377635252
"2672",0.31264426552086,0.00955394753487899,0.164003956411333,0.708541492714323,0.068574730942607,0.0241428043398282
"2673",0.278351848434832,0.0014857213801631,0.155333635476373,0.70512627490613,0.071210462576672,0.0180503413319871
"2674",0.292666326585421,0.0110529531350032,0.151166223492951,0.933409408343586,0.0682072763525033,0.0324793604862895
"2675",0.295350540367181,0.0116969693998099,0.144569389635165,1.21885964910237,0.0677985099016005,0.0238882959032939
"2676",0.288991509504092,0.00750172761150256,0.186353221099278,0.790201063042551,0.0661684290702344,0.0107168737016959
"2677",0.31331238710572,0.00665772053698985,0.152750743982311,0.815372787572694,0.0678594933837448,0.0157613320144295
"2678",0.264369350193344,0.00194814747786174,0.142576349314924,0.828594058888043,0.0715366535731629,0.0323199286995335
"2679",0.279754775340428,0.000139830835803573,0.196894460152682,0.984594359518995,0.0675899997940521,0.014677365891478
"2680",0.248844413901813,0.00675341174233815,0.269989231259463,1.02981090189297,0.0573989858111765,-0.0505821787547573
"2681",0.247256202979944,0.00124688443781117,0.249036664345456,0.817589505325715,0.0618937807680432,0.0420330334841664
"2682",0.280478503510631,0.00122928192502378,0.237531729530545,0.922932764948375,0.0624417873003446,0.0362005491628505
"2683",0.308966843021647,0.00141849483478429,0.293360108222087,0.80042304842101,0.0588932476878859,0.0409225019104998
"2684",0.285152111978388,0.0062609763348394,0.204509429118989,0.769010642878643,0.0625292221225357,-0.0129448186288142
"2685",0.339674642522955,0.00103645500167252,0.258053198875937,0.745658904858309,0.0643882489000149,0.0103091813684788
"2686",0.331266248828005,0.00784383442034412,0.239321672075835,0.899403351911865,0.0595175935702791,0.037449746388718
"2687",0.197245554269615,0.000533383247442175,0.221975263509001,0.843122100206662,0.0623690523122307,0.0473603606762467
"2688",0.291034916965677,0.0044472410522615,0.262325854430147,0.864945204941412,0.0577412689234217,0.0324029663286496
"2689",0.291446611147487,0.00261006483845415,0.172268107399636,0.88253363916214,0.0695125916035572,0.00981452997387293
"2690",0.352559245528813,0.00139337948415406,0.165764291993007,0.778012182575934,0.0693844432199959,0.0112870973480819
"2691",0.234749351856647,0.00645745668914267,0.150664255763525,1.046910127661,0.0737695093046827,0.026636989357443
"2692",0.255734423952623,0.00440825076519364,0.137328920827367,0.943535113595221,0.0710204856433907,0.0221251864108082
"2693",0.256806197460369,0.00956528540167888,0.103321794730861,0.853582282441276,0.0753043505325954,0.0480735268868845
"2694",0.290366353712244,0.00695373922365346,0.104691574779074,0.850566693315201,0.0764782815751307,0.0308578759335835
"2695",0.407332609101882,0.00527128672612845,0.175353535629874,0.748031556326685,0.0698339292027664,0.0158792464158351
"2696",0.212062535280381,0.00421165601805436,0.145535354822054,1.0250798634892,0.0716079568731707,0.0392281211901506
"2697",0.263460647144477,0.00464845616570374,0.122752885709005,0.520850124127744,0.0743598719457341,0.0405412983861737
"2698",0.269869742477265,0.00796386690660352,0.252274776235922,0.993972379129882,0.0613223250219822,0.0149832957226497
"2699",0.256446361483268,0.00382645052474765,0.195974077442695,0.944162950037,0.0662250355403016,-0.0298089183360504
"2700",0.333566707405899,0.00446896378579306,0.205394866899779,0.680516936106526,0.0661524422450046,0.0115037360829785
"2701",0.28432347880443,0.00350884010676048,0.208100518943961,0.864981001446994,0.0667360367272929,0.0247205450315303
"2702",0.39324996511657,0.00222249486112961,0.275398529533798,0.686351583215305,0.0604714673874601,-0.00054984937886898
"2703",0.321063675646572,0.00105483023708286,0.232129866608167,1.12688906346008,0.0642709954888227,0.0498516583573873
"2704",0.322878117493798,0.00271912636032411,0.312446729346732,0.99187478327806,0.0569332133041592,0.0427871066737711
"2705",0.247774444682535,0.00160927070715154,0.271629027312874,0.849505841100796,0.0577745615833636,0.0115851759913489
"2706",0.32492372966696,0.000428253374142029,0.236110298488039,0.754502584244385,0.0635505307854781,0.0164755710129114
"2707",0.291750548456087,0.00112154758536231,0.168249539806089,0.866370490907449,0.0696752191681284,-0.0789383458043475
"2708",0.308233492059144,0.00232824465064114,0.161957971883492,0.849141132995567,0.0730450506910119,0.0179295732160867
"2709",0.35934421279826,0.0104721652423078,0.179023741017032,0.831374022038598,0.0690703184003947,0.012709546554753
"2710",0.308111777034878,0.0105799423175826,0.221640953212973,1.15120424522141,0.064237020118782,-0.0100645388796528
"2711",0.27196316727738,0.00755375928989315,0.203040594914021,0.957782426986974,0.0684973745756797,0.0290796119674589
"2712",0.25668209390431,0.00644575756548378,0.188223310208664,0.989754693234107,0.0628798233187767,0.0206362016394423
"2713",0.233370638705266,0.00565592355202903,0.200191466664888,1.04242277936259,0.0649068581769784,0.00996028325108792
"2714",0.285927949419899,0.00617435019388221,0.159376878335978,0.969233400461942,0.0707546170473581,0.0251411524374831
"2715",0.227230658843826,0.0130272277687287,0.0990558847657667,1.05391627354841,0.0765994900457183,0.01063746233635
"2716",0.262125294523609,0.0120791058542963,0.104959041366646,0.998231090687695,0.0748381742102329,0.019396689320645
"2717",0.238764728510795,0.00879936506868435,0.0991607964503293,0.868542029473452,0.0785073375179535,0.0466649469314022
"2718",0.248124432764261,0.00135617269698388,0.0902260089869277,0.865145189502538,0.0840313105390727,0.0496343710581029
"2719",0.232213862957594,0.0106535933472101,0.0767967620796935,1.03302854491338,0.0838627553386687,0.0320410513644732
"2720",0.169244668634778,0.00425266538288764,0.105983514530583,0.903621653795322,0.0720188577069599,0.0477587433407768
"2721",0.245836816288688,0.012110391323355,0.0839271196818447,0.759473426006908,0.0791801543679905,0.0234911878946328
"2722",0.224868839323728,0.000401313494962647,0.123504189387632,0.888597576738361,0.0783925867523757,0.0382088971396943
"2723",0.304444219807938,0.00467622843994775,0.152280247363601,0.815644245263883,0.0730284116818336,-0.0959810781397955
"2724",0.253225536730315,0.00080995595647292,0.202273598569012,0.99895427342312,0.0645066191169412,0.0254170160788863
"2725",0.251992760793592,0.0100745295436188,0.23010415168315,1.16790953160211,0.058704269888565,0.0427253707259128
"2726",0.252487524854542,0.0018157076856416,0.239746894700712,1.00839557002068,0.0595565445943537,0.00965603505511973
"2727",0.216021092124605,0.00549050603326883,0.152315223274397,1.00556465456267,0.0684895214436989,0.0449290253471819
"2728",0.227870808318472,0.000962784376884565,0.211702976830241,0.778295199236778,0.0678472871327719,-0.0101970848374381
"2729",0.329583222568025,0.00540061317179803,0.225511070670772,0.861066708879669,0.0620816660447037,0.00591195425557717
"2730",0.38460425023616,0.00314570799622532,0.210912261171904,0.630051169857208,0.0638851045631035,0.0270022746589076
"2731",0.295026054278081,0.0011062643511275,0.205964234470445,0.891725873644098,0.0667624716831637,-0.0025585529805655
"2732",0.328790880645105,0.000371886823143927,0.230596932879141,0.714042366213058,0.0657891742868292,0.00157662314280586
"2733",0.309905637031035,0.00185880246638042,0.215512225692509,0.83530632618943,0.0645809011020591,0.0183455491810021
"2734",0.225663597799377,0.00165681644082604,0.254794042121607,1.05964565091779,0.0575287761381016,0.0173795997628186
"2735",0.322761533556988,0.00931839049854215,0.216105884702983,0.705324785975215,0.0629081086281759,0.009546256637958
"2736",0.291809375323833,0.000619600776941193,0.206724535304153,0.792887062836121,0.065561053359102,0.0161402560636271
"2737",0.310871119225124,0.00379092168879269,0.197141905869442,0.796348648389585,0.0687926921032832,0.0208818281631106
"2738",0.249448517636289,0.00166336711001938,0.251328737375214,0.939818525839383,0.0598595863335493,0.0206734482426159
"2739",0.224653553550524,0.0172184462238642,0.190881006294181,0.988324444911369,0.0595967873816114,0.0326044696058039
"2740",0.243585645445645,0.00478703424884063,0.212155853602639,1.02292317173256,0.0641204371160535,0.0258993812532181
"2741",0.250054718305127,0.00912044520428387,0.226383706318017,1.00607466011511,0.0634143808595035,0.0186781328037395
"2742",0.275213423655975,0.000304770191972444,0.225574292675334,0.912088352978854,0.0633817609259971,0.0312619499310339
"2743",0.31121287057166,0.00425189837830237,0.168429342239944,0.642742608066803,0.0698976343812475,0.01860790862097
"2744",0.277904653137075,0.00599774021871092,0.159767027431002,0.970957799257759,0.0727653550294665,0.0104629667919041
"2745",0.281412096877533,0.00905408872146019,0.153289318545647,1.06185198644551,0.0716698337086651,0.0233830692152278
"2746",0.292959923808897,0.00679263645723047,0.141289713058519,0.827625812053566,0.0710670973074126,0.0390123765728662
"2747",0.235366842701104,0.00146590922495665,0.183496280568921,0.6881321899787,0.0680613170526625,0.0457966899677562
"2748",0.244397538172453,0.00323540220802184,0.155356985697846,1.04551948955251,0.0707838742290807,0.0351234299037354
"2749",0.246006506722763,0.00429607287249992,0.117253826168369,0.864208601078233,0.0767233651961124,0.0305673499477739
"2750",0.266844717452366,0.000117994490342496,0.159257112495971,1.07742068462316,0.0691988390737383,0.028924611167031
"2751",0.170044006342877,0.00589166205819916,0.108773540980913,1.09151221415708,0.0719389468830672,0.044583420544029
"2752",0.174236138285739,0.00291603360580115,0.123892477029602,1.29420822400951,0.0745261456585064,0.0193966743539686
"2753",0.213558850152233,0.0128001216219376,0.0847331026949554,1.19546828631006,0.0802940523244597,0.0330488685515207
"2754",0.304168005886198,0.00599013381612271,0.113531560516016,0.665692726733845,0.0771314411727867,0.0117690494743802
"2755",0.254521081188137,0.00184663460476359,0.178579142663078,0.964963118786201,0.068282045801448,0.0297336486538282
"2756",0.314653912059849,0.000703758707354831,0.139274832286505,0.76004699341345,0.0774918003504018,0.020325024611599
"2757",0.285978967615743,0.0101970729570927,0.110619526994296,0.892332305040134,0.075265200075776,0.0170067562204994
"2758",0.257775186969344,0.0122506440792729,0.172737066756672,1.19998783929207,0.0698294926084588,-0.00351645118826724
"2759",0.261368350758856,0.00219365223425173,0.170016523256535,0.930564252753119,0.0701733576843824,0.0243301765484911
"2760",0.309250776998709,0.00456565942867098,0.137884999122428,0.792976518404041,0.0705593082860015,0.0375166569013316
"2761",0.317705679432836,0.0014944169626037,0.153533203404317,0.599660271804627,0.0717579763712824,0.011938281198922
"2762",0.245021936064638,0.00250597137675609,0.18617708196985,0.659403834949792,0.0639319749260157,0.0416466540084767
"2763",0.275976640455326,0.00259904459385513,0.16707190431589,1.00371518702393,0.0684251465414849,0.0383081045521846
"2764",0.247415900102523,0.00136333523803321,0.180537371948994,0.678309235203752,0.0646492499977945,0.0366286068279306
"2765",0.247955657131017,0.00240767125310645,0.234691750048527,0.910322798198808,0.0618055524402535,0.0384205831427183
"2766",0.233627499456444,0.000320971969719225,0.125998292676888,0.654590566442121,0.0726911098674119,0.0393328471649976
"2767",0.244699288570682,0.000989937945161,0.160079855262882,1.34692398182787,0.0726133214091519,0.044928864371861
"2768",0.182159465548336,0.0023997845358779,0.128751980008192,1.1644652718879,0.0720776320414852,0.027400338105084
"2769",0.234295304620141,0.00330925175329645,0.175516505594938,1.28519236033372,0.0670706823254284,-0.0267797673298472
"2770",0.267269519440121,0.00149526869068813,0.263564720491433,0.843455447351269,0.0607401083493876,-0.00693707437193089
"2771",0.276999886964392,0.000339844777898273,0.297166507877266,0.79047032554767,0.0571063047387969,0.00193137846309459
"2772",0.311772377896226,0.00132897694202178,0.223159634394429,0.824133545716764,0.061444678182687,0.010388221673443
"2773",0.307671882475417,0.00119678533055485,0.174674972175107,0.805670279380536,0.0684358403867274,0.0215332490656363
"2774",0.274201521788572,0.00310506026824397,0.199451995309597,0.986484536067276,0.0658714457773663,0.0464359447497723
"2775",0.289121776091054,0.00438219474877179,0.178930429965614,0.879818383400001,0.0666264778920657,0.00179600871492962
"2776",0.250461184278496,0.000994918102902254,0.170878023597286,0.98908412093948,0.0700819490342404,0.0420403068001844
"2777",0.258988015590422,0.00248737411734194,0.16405841304596,0.946221782196618,0.0710794685914775,0.0226762590944674
"2778",0.248814344433649,0.00357807316995674,0.154882350559678,0.896867091504801,0.0687605141154748,0.0415847297826448
"2779",0.317518956483809,0.000508022548956986,0.180131400031596,0.734990187646189,0.065609051697964,0.0351633557815965
"2780",0.317318319617111,0.00158148361909162,0.199223350976152,0.770427703124059,0.0674179294894707,0.0108679073608754
"2781",0.277115680331868,0.00118638228779675,0.19384082863895,0.940742026858553,0.0656587351694104,-0.00320873140773115
"2782",0.217864346984223,0.0020615067698422,0.208528255560904,0.832037861968209,0.062791075727186,0.0313516901621778
"2783",0.30093533362479,0.00137967396161185,0.323926440625733,0.859117515258771,0.0531409006518751,0.0359067034921409
"2784",0.259272983409474,0.000978534178071234,0.249583338697995,0.975579033758038,0.0602295012908333,0.00332624100101347
"2785",0.2647940683038,0.00443278862054463,0.189967563353112,1.06390401131263,0.0674237772572221,0.0422356664213876
"2786",0.234745734443397,0.00581001173857155,0.156611739489354,1.05439358290168,0.0689205749251775,0.0345530334237518
"2787",0.261214971402113,0.00238556769674781,0.207985764635579,0.917749705219343,0.0663462973500702,-0.0032378371729331
"2788",0.272401982791068,0.00202888090106824,0.208728784035311,0.827783467779098,0.0678715946540186,0.00886475707798408
"2789",0.386563484990853,0.00424908779836248,0.164233880454263,0.753468416673337,0.0700348129973405,0.0159118372099194
"2790",0.232398028654286,0.00565470693489351,0.192701166587234,1.10590218955212,0.0621508163482509,0.0205798216038393
"2791",0.285237113646392,0.00128569514918359,0.173967574246196,0.792121636710799,0.0657215375659269,0.0259129218733689
"2792",0.331989139086437,0.00216002590824235,0.124650704726076,0.64593173443229,0.0762972378260354,0.0308305263458123
"2793",0.208505993788575,0.00165213152344901,0.222567985135849,1.0378093994318,0.064618232833791,0.0285034461264579
"2794",0.161557756033309,0.0027194137023256,0.148830096015373,1.02909934507185,0.069496967599142,0.0423249272361993
"2795",0.276042502333065,0.0031755886030123,0.140107719210514,0.665336800991157,0.0741745956425421,0.0423140834030862
"2796",0.182490739324044,0.00635541410581866,0.155130264308184,0.727448378073661,0.0663361987566591,0.027094728830215
"2797",0.228894176795292,0.00286177290523871,0.166945920398003,1.1319266201908,0.0682652814397966,0.0192270829308209
"2798",0.304603325934971,0.00244578677745405,0.17349580639585,0.834343801496813,0.0707049739628893,0.0241111929975138
"2799",0.28422438224526,0.00248458482075699,0.183826727497332,0.648954402434702,0.0691122473560141,0.0140952039986314
"2800",0.29372493883921,0.00145474166401466,0.197310687494694,0.714383812998467,0.0672862129347197,0.0218884689813463
"2801",0.309232525901345,0.0029432845928932,0.181796717014609,0.686425673732521,0.0660261680552259,0.0290357490985693
"2802",0.248569715983478,0.00164351418232932,0.139096954015669,0.717004922985645,0.0705481132227972,-0.0256842353067586
"2803",0.290332956243161,0.0081379181830294,0.125338150174347,0.824441133345737,0.073894066730656,0.0259013829177373
"2804",0.352664356797079,0.00248171614269004,0.157806404079276,0.662030877862093,0.0703460264434684,0.0242054026635776
"2805",0.234447167198154,0.00506943264332934,0.133762792706458,0.83811870191795,0.069689163145123,0.027054872249614
"2806",0.277301163738903,0.00919539799627771,0.19103623935451,0.868602872502115,0.0652462301657242,0.00900752715173225
"2807",0.301469883335554,0.00191991004446489,0.226407888576597,0.964787629880034,0.0667528769237602,-0.0158240750255107
"2808",0.380122240544783,0.000746494508060714,0.173485419187185,0.68910876342245,0.0716576507395069,0.0319237804431817
"2809",0.302586542910138,0.000649667036214388,0.211194133038551,0.749231183242352,0.0636131237127145,0.0453265491984871
"2810",0.200424790552399,0.00249725041908066,0.325851317836367,1.54409522533494,0.05282823606076,-0.0249744045407983
"2811",0.324169710391152,0.00171581279736095,0.187257507644138,0.691235570781037,0.0658180705498257,0.0338289737712007
"2812",0.266509290819382,0.000470083376499056,0.1634211933781,0.659299461621279,0.0690462773977947,-0.00491910578165114
"2813",0.233288389284064,0.00639503827649263,0.171624889533593,0.894722208308583,0.0661947327931493,0.0217183945905278
"2814",0.240054731088899,0.00392299150870401,0.20505632535041,0.818681767301565,0.0649815998025245,0.0193239114989762
"2815",0.333052931262799,0.00256066919760316,0.171627161670583,0.620019714329186,0.0667015858678778,0.0297882189170266
"2816",0.292208830279149,0.00219567564274292,0.173766059511119,0.839074307225377,0.0672975495748698,0.00942879480199066
"2817",0.256237279248993,0.00281346558237699,0.17955318688554,0.785391580266722,0.0678428221236689,0.0183970967206901
"2818",0.291678412386534,0.00242442735949573,0.176593510225529,0.619191841615914,0.0665512467041689,0.00509141122972012
"2819",0.226946532177952,0.0070923458314801,0.191006975342564,0.954046367650436,0.0612706825026512,0.0388759575254981
"2820",0.252435837642745,0.00318305138611328,0.159008849642902,1.02782876335889,0.0702295817540271,0.0314275563113908
"2821",0.293240132364302,0.000225422007657531,0.224103269496168,0.694368376249446,0.0646969639257388,0.00113007837495473
"2822",0.303707369883993,0.000367651133685063,0.194337734292001,0.921509960687436,0.0654528205126386,0.0179499409780627
"2823",0.215027455492584,0.00187823753282111,0.131215339109531,0.826273824013906,0.0731606596451283,0.0321844871248364
"2824",0.359972958693681,0.00367428176285057,0.135974882297276,0.684797234477093,0.0753135133859468,0.033875167343666
"2825",0.258220294535583,0.000675654766577698,0.196267588422828,0.78942990821987,0.0649000444601303,0.0368305475417094
"2826",0.263616953558381,0.00152248696215362,0.183201352882884,0.774729365244693,0.0690183581588977,0.0359329391148724
"2827",0.271885710396778,0.00400955840368854,0.159824858259231,0.669336851052971,0.0664215623500014,0.0360323554313431
"2828",0.352050692122441,0.0075864875213406,0.177630350011488,0.677669736719546,0.0617981795493341,0.0269943799288729
"2829",0.234383650824214,0.000335009590942791,0.23699002135628,0.855989622241569,0.0590044140893022,0.0204134739740824
"2830",0.261755144603677,0.00353813833817226,0.215279086739226,0.825000110701073,0.0629933818582049,-0.0110996235274941
"2831",0.344488325173687,0.00339125735717529,0.306176770622346,0.886077848424472,0.055374476899799,0.00682907739596057
"2832",0.373713422555911,0.00190058869393437,0.387589811126027,0.796114598450077,0.0505110073625733,0.00529618896833199
"2833",0.271228341282665,0.00335383494354831,0.248050550733089,0.982513270704137,0.0595588321955646,0.0333479539026781
"2834",0.351009579491103,0.000982088400315174,0.26748838557795,0.758691491606022,0.0588554302082957,0.0024827794317306
"2835",0.302229462392208,0.0097124704421249,0.29142254298372,0.91997570972308,0.0534403359313569,0.00394766175439948
"2836",0.400155182956443,0.00384738357166657,0.362166757106975,0.910304791663003,0.0568665854702387,-0.00229028942942253
"2837",0.339509675455017,0.00125741704544121,0.458653667876287,0.854796308717368,0.0499160285980687,0.0134883582348065
"2838",0.356836775836724,0.00138467572836001,0.540706334574712,0.631723507849469,0.0448961923875453,0.0201816847588747
"2839",0.3134063416673,0.00176816838099793,0.517318477720271,0.774059010806834,0.0473850520528235,0.00366797546087914
"2840",0.347844260397556,0.00115092382044614,0.381835752523845,1.25578736255123,0.0540840145844902,0.0052499478625269
"2841",0.344746774986859,0.00687661508539941,0.320271724344663,0.841212575719204,0.0528712791385199,0.00188270252967357
"2842",0.348161557733965,0.000752430822194755,0.377096805516544,0.806623046953848,0.0551793916349814,-0.0243065166397704
"2843",0.262180089573153,0.00143032313798601,0.308676872023654,1.09339970913573,0.0580380128916615,0.0273199362935983
"2844",0.298854673223141,0.00376158308340672,0.221841029088751,0.798449931145228,0.063395183800272,0.0173990765759208
"2845",0.233285153529135,0.00240815402929498,0.252084916590954,1.06096986768824,0.0581180803409928,0.0374396124936082
"2846",0.222590442039696,0.00403890324534778,0.170658904670061,0.917138127430171,0.0654947460069158,-0.00412891977827059
"2847",0.220783713129211,0.00373305592688702,0.203617832057552,1.13407581623495,0.060235192520648,0.0372845254217413
"2848",0.253636851946905,0.00127322288102577,0.252423709810198,1.10353863719207,0.0568180688569036,0.0302011229883371
"2849",0.238210016317029,0.000387076327469667,0.347714713058931,1.10849688037148,0.0512799998060807,0.0453340620149511
"2850",0.213053332048247,0.00189703365290306,0.320922652795826,1.54447160080096,0.0509401900170099,0.0490502226584919
"2851",0.372896593366311,0.000520563193324533,0.229135049636546,0.898180498069992,0.0657679679941349,0.00633682847897583
"2852",0.367422945696918,0.00462976236981473,0.282778150761437,0.783984500726765,0.0553122525007868,0.0253914777522008
"2853",0.225265421354547,0.000556971485230909,0.251400742198614,1.21440968478073,0.0600211846911248,0.0298477773625129
"2854",0.220134624482914,0.000947836890951643,0.22652816909509,1.04523957892236,0.0633715871309634,0.0228226494625852
"2855",0.277015217985047,0.00134369602305112,0.19242958621795,0.707840101148472,0.0649484408880519,0.0261553779791419
"2856",0.283246893695881,0.00688191293685392,0.180483308787324,0.942560656330036,0.0680188827521316,0.028384486876101
"2857",0.279817627690584,0.0027166566760973,0.244548836951854,0.820480836959961,0.0584844464297291,0.0171457166491413
"2858",0.224587064802961,0.00167879848665669,0.193907765130463,1.10155083076331,0.0635616564910278,0.0453297758801144
"2859",0.26428332356305,0.00469921401937917,0.170369324288091,0.841545260175732,0.0638045991647674,0.029275163730436
"2860",0.348976271584991,0.00324255947420893,0.204019714829414,0.730776987507365,0.0655619930036358,0.00973834113651258
"2861",0.29146881313024,0.0118224539555183,0.221075474994534,1.13957837711288,0.0597990430152091,0.0471947946301764
"2862",0.294294207647617,0.000591713614430918,0.342731106455067,0.832384277017361,0.0581485597086852,0.0107981978965536
"2863",0.26473903213156,0.000762070498686899,0.147693316749269,0.993075285306674,0.071782875842226,0.0498101407974738
"2864",0.322950176228198,0.00760882481664665,0.141028888471576,0.828324415725552,0.0698598430801475,0.0249341279979784
"2865",0.255932770736789,0.00178303507164795,0.196904945022694,0.793582776149954,0.0644678244129453,0.041658985064247
"2866",0.36660450236425,0.00228034540455997,0.187798697033441,0.736722948481007,0.0711457467859519,-0.0064696905424546
"2867",0.263474034151993,0.00649100831381672,0.135598353921323,0.750796255371023,0.070672304702557,0.0226743027094359
"2868",0.325142976470959,0.0014044158220203,0.133498509896934,0.826042446479695,0.073599681204123,0.00173772354480844
"2869",0.370774783009843,0.00602248099207267,0.17384267909193,0.719208437844204,0.0651171319363134,0.0115294104348694
"2870",0.264508568797156,0.00658073540004968,0.186056208891236,0.845309963271869,0.0666062864752352,0.0155686064439189
"2871",0.228037824496467,0.00545196129564934,0.189232021959372,0.722705432688463,0.0612254371211687,0.035673165013541
"2872",0.262785215416857,0.000600068304054868,0.16296759257582,0.823411539263983,0.0687399440220642,0.0181970341839648
"2873",0.244158893959103,0.00083669729167252,0.144254886117572,1.07612475005841,0.0728783201000436,0.00158319704560473
"2874",0.158530279446411,0.00651679480948111,0.13541187837056,1.18834833972934,0.0700050050238601,0.0374813977817048
"2875",0.228843865869712,0.00125757373691262,0.147622897911953,0.853146307136927,0.0718639249746842,0.0322947056050642
"2876",0.21887160946664,0.001530383245975,0.154102441014901,0.969079358796547,0.0685850265686776,0.0478833006693597
"2877",0.280480934094221,0.00533653401629476,0.221393912570222,0.8551164675661,0.0574695224982086,0.0265497245561071
"2878",0.261766915593879,0.00643110287808291,0.204659694783621,0.937500103394768,0.0671165138379349,-0.00677352135810999
"2879",0.250223558697988,0.00371506317436389,0.270327025994596,1.23238750691161,0.0573314531878016,0.00616691390033004
"2880",0.253742130983779,0.00542975843137553,0.258055294066804,1.11755184167778,0.0574488901604984,0.0350214140829662
"2881",0.352238238246493,0.00212832127087737,0.294189389489989,0.709218284579174,0.055821040130404,-0.00112681159291309
"2882",0.358215255212393,0.00123556895836314,0.31540403418268,0.748287385684167,0.0548049303468683,-0.0827900585502766
"2883",0.273060405681785,0.00156834595302164,0.318556238444933,1.06733472016914,0.0554757790045681,0.018328690163104
"2884",0.314454173026252,0.00382663048493789,0.200522974508799,0.749103844394362,0.0653935904711076,0.0193163245890579
"2885",0.317987752658715,0.00164000817132708,0.1767072370838,0.650105239939492,0.0683246219144177,0.0208805216821494
"2886",0.216320211459102,0.0109149425227143,0.21059610436947,1.41111023731228,0.0655049578990088,0.00634865435097831
"2887",0.393418549233269,0.00209988241579595,0.225954584308958,0.897945393483542,0.0629530268413885,0.010491625976441
"2888",0.332248028036078,0.00143911458659251,0.222384286456217,0.793107912769038,0.065255279272606,0.0306862669135117
"2889",0.369007859086075,0.00626744816594204,0.179852630858672,0.762229099476996,0.0696546955885701,0.0153886719805274
"2890",0.380387799160198,0.0067845467514921,0.127798920172778,0.550375252359314,0.0765915043941515,-9.04113241711035e-05
"2891",0.335483983202131,0.00655006206550948,0.183696333756033,0.843682333548491,0.0664123377691109,-0.0076539595001659
"2892",0.296163886485442,0.00461099610110757,0.236367596446368,1.0329041909019,0.0639879633514545,0.0220075397506213
"2893",0.30726619533826,0.00246553202759091,0.216589300264448,0.683073862377201,0.0643283489124087,0.0482457385293798
"2894",0.241284408702768,0.000419236188508648,0.22211906668889,0.891349107609803,0.0622493501021802,0.0442130179214792
"2895",0.28143332941932,0.00199405008713723,0.276282876550821,0.917517462856927,0.057545778193991,0.0352526172347318
"2896",0.395988108287949,0.00208573539633557,0.28698783658642,0.843991951766313,0.0605630821651062,0.0194397086122403
"2897",0.342371760349632,0.00419971841401184,0.332765940421371,0.848093114650855,0.0539401393314885,-0.0165691756381032
"2898",0.304013494648189,0.00556966370403761,0.313091061949214,1.00668179278138,0.0549381444993941,0.000949087061382518
"2899",0.296859118176287,0.00396380801490703,0.243159102567305,1.11585375251486,0.0614130073729475,0.0206790404109015
"2900",0.389220364051129,0.00661517329950542,0.273165036573637,0.921270435678918,0.0588460080956164,0.027975945779255
"2901",0.406842778830115,0.000483860968905841,0.330349892198309,0.64071503754863,0.054596799184409,-0.0384728765328255
"2902",0.362305663714449,0.00104698496219317,0.250670204432929,0.670099067868992,0.06142823548808,0.0069658201310899
"2903",0.336477401897572,0.00678879189035181,0.196700938349771,0.77780815338965,0.0651203852148424,0.00497308561176605
"2904",0.23804896982508,0.00099337764675351,0.289285017112133,1.12883156135733,0.0587982196150321,0.0291035672812225
"2905",0.339021904587403,0.00145049915163989,0.222453604899931,0.772806028340728,0.0641520052854374,0.000593108808534934
"2906",0.326836934207226,0.00337044278058593,0.217274289326695,0.72542807075327,0.0648443130555202,0.0126535721166026
"2907",0.383226671382211,0.00306103876983268,0.239781770758028,0.711018732079778,0.0638791024072624,0.0139425663596061
"2908",0.362077363174277,0.00164633546101662,0.252591138128377,0.663964702379653,0.0637852746942586,0.0231808976222107
"2909",0.292663196532467,0.00435626676340752,0.223803500130145,0.698714088382718,0.0648132044618113,0.0110109556177996
"2910",0.285028685828537,0.000964235652451005,0.212537100484642,0.822370533573374,0.0648999073916074,0.0312456753396621
"2911",0.381229859814086,0.000113374870936983,0.128877293599136,0.568918656319516,0.0767036380311572,0.0139944605856045
"2912",0.256802541536912,0.0044523028871342,0.148881378335677,0.799693042686958,0.0717156358042347,0.0120894610058415
"2913",0.190234412433819,0.00241912521016235,0.167438615610188,0.940255938662379,0.0668686751728957,0.019779153785776
"2914",0.337198971510292,0.000957846263573547,0.186183577523004,0.729839625163454,0.0720326812100209,0.010677364790389
"2915",0.24779265122339,0.00325728642034623,0.183466740433039,0.851369198294529,0.0645758479865234,0.0299590542451613
"2916",0.315367206383755,0.00101850257124908,0.213533367613489,0.800830773770936,0.066344271319595,0.0420360386634877
"2917",0.259408511293892,0.00221207562697395,0.212789665395835,0.873060486084337,0.0584294277582732,0.0417793593798269
"2918",0.242274600936174,0.000356677272672052,0.241371940781682,0.915442089727577,0.0594493479139251,0.0435426713977186
"2919",0.373441267641043,0.0020889091021607,0.315078207036456,0.861495215634425,0.0553464682788272,0.00915557106180133
"2920",0.28961312518406,0.00462141381572047,0.256980845458731,0.779661456927687,0.0614461410531595,-0.00156890061032277
"2921",0.327930711556771,0.000840801491722805,0.273291200999377,0.755576320490366,0.0629641061109585,0.0231404866626841
"2922",0.265664620226641,0.000776312219624961,0.211714199134171,1.04536205063383,0.068165174588494,0.0014735085155542
"2923",0.197315433944245,0.00137505587516512,0.16747424153783,1.09902056771907,0.0688615333222571,0.0155737716882941
"2924",0.285684185114841,0.00931430417165908,0.176426232688471,0.751931524986151,0.0646780666803147,0.0264211421371145
"2925",0.305236855961874,0.00128204028347107,0.213873037586203,0.773118391831103,0.062407605796369,0.002484054128624
"2926",0.214360666347866,0.00449723029365286,0.235639262490563,0.998849040690774,0.0577344539468515,0.015431343812427
"2927",0.281605497464459,0.00214926316132441,0.289568127377557,0.956753497636766,0.0561506207538637,0.0201075840483158
"2928",0.312362491843953,0.00101586291909146,0.317613240859156,0.941170463775952,0.05542415289097,0.011333917592313
"2929",0.338693408438646,0.00200788635551392,0.30692326535488,0.840986359605928,0.059224388518293,0.0099152961498825
"2930",0.457195553118592,0.00211435641718263,0.280731593952617,0.705995293466243,0.0643798684164551,0.000729689395620944
"2931",0.360496830247031,0.00825333155254452,0.31307121934024,0.91001442722039,0.0570590120456713,0.0304902175591468
"2932",0.367741368212887,0.00186468335149698,0.2785287602355,0.857864310636924,0.0606037072464121,0.0168216184534532
"2933",0.355342137301811,0.000842116264336664,0.256424786484122,0.758928899368578,0.0625364533826997,0.0121365626165733
"2934",0.339520457777499,0.00136579911027331,0.340930495879431,0.705153741605263,0.0562100862229925,0.00946546195764246
"2935",0.342049870584416,0.000950238081498248,0.313382721155118,0.812459660493933,0.0559957985622049,0.0292669194935683
"2936",0.287171262921172,0.00240334260066949,0.165228477761534,0.576212202783226,0.0689124923165498,0.0118762881875373
"2937",0.298671342352421,0.00168139645317743,0.15280161456125,0.651706038644688,0.0743736586490043,0.0210066751603508
"2938",0.296165345256086,0.00309674746390293,0.20316841868812,0.978308492876761,0.0649713377997432,0.0178963696236284
"2939",0.212013698606189,0.00120707325967726,0.107083268835171,0.772727044396835,0.0797227649085835,0.0465307985399705
"2940",0.204234853261903,0.00240618705442694,0.0916812924097906,0.70489985743575,0.0827642624784428,0.0326018062565014
"2941",0.215294721891893,0.00998834286131567,0.0631062797331402,0.60054178325056,0.0877706675899075,0.0441838926223248
"2942",0.200450477723306,0.00868364513009089,0.0886862381684246,1.40969989773734,0.0823137985667196,0.0314081435177202
"2943",0.228707735132365,0.00195783236024602,0.0933463139077714,0.594346619099313,0.0812561550725309,0.0329082730626981
"2944",0.335152750433149,0.00958835760438596,0.0944170772314564,0.658851276910805,0.0761666352362598,0.0211095018673666
"2945",0.239744968834489,0.0109444415148234,0.121363386223308,0.922275584321814,0.0708578940344907,0.0229549796757547
"2946",0.258011525462937,0.00211475707212856,0.239420786752519,0.669076786720066,0.0633246830666982,0.0151428624725205
"2947",0.274685398966919,0.00321662205798098,0.23455834043723,1.01971804073949,0.0621748979559121,0.00475035020718901
"2948",0.317188872381325,0.00506071446420016,0.219018614676031,1.00789645661069,0.0620857186764775,0.011663264484776
"2949",0.303310563511447,0.000268244836494755,0.24778435079491,0.826879554937791,0.0599218974025799,0.00875295306563419
"2950",0.286794079888903,0.000675525637442118,0.302229918752052,1.2267630801244,0.0574642572591887,0.0381198226769286
"2951",0.310849545351957,0.00467135747964104,0.248096460651897,0.682240706272201,0.0613657102927246,0.0258397049487875
"2952",0.205809576023849,0.00208987854562246,0.231605137764091,1.19396872287669,0.0626176021738239,0.00508448146088826
"2953",0.221900631995663,0.00270526625588748,0.174297801503422,1.01655750027374,0.0645110669569758,0.0379640697294834
"2954",0.155007447598412,0.00268784550093863,0.15410318225404,0.869192757441629,0.0654934714031577,0.0239702742230776
"2955",0.314802554877984,0.00169298993017318,0.1639084513254,0.612436460758117,0.0724649919859083,0.015708140521983
"2956",0.315972576590987,0.0046122004794779,0.185156684804881,0.731145226527801,0.0697906500151034,0.0310407415227457
"2957",0.278416058592222,0.00399890984854018,0.179661698207456,0.832797763036838,0.0658083255376197,0.0382517735405888
"2958",0.253261152852627,0.00265589077418262,0.200017211328072,0.767315893975456,0.0660173966273646,0.023343754266167
"2959",0.324105288072276,0.0012451077262483,0.216181009453824,0.924765450249679,0.0635429953439578,0.0265686323886656
"2960",0.31442797247738,0.000615483098632169,0.308608699158834,0.761497732798288,0.0552284428590337,0.0133817584177944
"2961",0.294332644353025,0.00171094398277582,0.218189853661105,0.746519691574894,0.0612793199580799,0.0263297776952879
"2962",0.440300268213242,0.00142779915477256,0.182906401426908,0.690088764439646,0.0715296914789466,-0.00663243191652256
"2963",0.315645450007264,0.0022714670955956,0.203455368568573,0.884661478888469,0.0648014428874319,0.0263313600359037
"2964",0.325496799740918,0.000320510999952693,0.246532473723065,0.801159245264337,0.061819645899937,0.0215955570036864
"2965",0.220489154648968,0.00503627143168542,0.210644309078086,1.04967262476741,0.0595545235409249,0.0206696816259382
"2966",0.298153005674716,0.00208757996660162,0.250616517987674,0.859489964243806,0.0622630623011615,0.021475398978095
"2967",0.265864045348091,0.00861087031877079,0.189794457036894,1.18601116351625,0.066699896307723,0.0444427868750811
"2968",0.26873004432128,0.00816406966158449,0.0837270334083235,0.650581017966943,0.0820599972641632,0.0285429669822821
"2969",0.268439506258425,0.00502211583818268,0.15622198634515,0.774070049172979,0.0685350313294602,0.00924230278461362
"2970",0.253903316793827,0.00100559295597819,0.207695937940792,0.682825120940314,0.0643780413874104,0.036754599248202
"2971",0.366177268743501,0.000318044444950301,0.209130283694021,0.669879500966719,0.065029613715668,0.0178559689232874
"2972",0.324357484716861,0.00700358604545309,0.147312633166613,0.723820446222037,0.0727958872939904,0.0223228197084861
"2973",0.278739399884396,0.0058558248384192,0.126489732141817,0.823461122271277,0.0771109687303373,0.0116363921036115
"2974",0.222713412085621,0.00264061054493931,0.1692909898763,0.874586396526613,0.0653081411820176,0.0175609817165036
"2975",0.218897349980562,0.000136893507733855,0.144214920650421,0.817258959803335,0.0744461542648548,0.0260589760079247
"2976",0.254613459967211,0.00406979062512673,0.121717276900182,0.770085029252183,0.0750541458911258,0.0209305355983634
"2977",0.198498693453048,0.00617393455042011,0.0724667001216892,0.857205627309958,0.0859744184957773,0.0312707295835663
"2978",0.175970237862988,0.00840972967150215,0.0854843691403972,1.04831623256212,0.0737002783908454,-0.014819385415044
"2979",0.219358282994019,0.00141018338349784,0.119283977410644,0.723695793496269,0.0751618522625992,0.0373413330199231
"2980",0.274541887296882,0.0112783186746462,0.0941136361266994,0.910527044951997,0.0797286345973166,0.0244555483006678
"2981",0.272331292316251,0.00326222081587253,0.133132101414545,1.03965882517787,0.0724480184888382,0.0268423814006405
"2982",0.226788910432563,0.000658679803884586,0.18408236028632,0.777142600849131,0.065081607536354,0.0226022019799925
"2983",0.219190166145722,0.0070733987655352,0.181901683213634,1.00016595125465,0.0604977471912593,0.0316426154221272
"2984",0.277679062812084,0.00884762837738344,0.185216700522152,0.799444387833015,0.0649741845145692,0.00822245433046587
"2985",0.253328007560648,0.00466154115056281,0.159072598685426,0.832474480118591,0.069105962737411,-0.00370887097014315
"2986",0.329686654340539,0.0119115278446037,0.168757401138779,0.75670456963738,0.0645079438293322,-0.00682873508212615
"2987",0.294520435654948,0.00758653667382255,0.1601378966247,0.875207035451171,0.0675484729032183,0.046662633139279
"2988",0.207298006570658,0.00142904201940978,0.242778919582114,1.13520791748778,0.0644880246861122,0.0375996319983544
"2989",0.234476433117378,0.000227622797343526,0.228736017000573,1.18570434475889,0.0603004060282155,0.0431081577482458
"2990",0.306667130217678,0.00207617286980514,0.248405767187838,0.721294881199133,0.0609380151608889,0.0245999901174098
"2991",0.313385395899247,0.00776996050826103,0.228080018198181,0.870009277391275,0.0608246773631447,0.00733904440651509
"2992",0.323596319740183,0.00190069073792495,0.272322215994586,0.764661385729304,0.0614536207538812,-0.00297218804717982
"2993",0.248189634110633,0.000380711650525801,0.251518537881701,0.989107180324037,0.0595398275646144,0.0112774094127832
"2994",0.277013908543306,0.00335065845181014,0.290689381595903,1.20604527871714,0.0614943258995948,-1.58072242552459e-05
"2995",0.273616285050572,0.00265861376141147,0.214620435040602,0.787682453866128,0.0668784640779976,0.0448393925052954
"2996",0.298521911494171,0.00441542700829871,0.171647191756189,0.679874176760634,0.0685525327919887,0.0211047222821577
"2997",0.201777462631681,0.00139221507869931,0.187567626821093,0.990028375695723,0.0651455382423633,0.0298619061245191
"2998",0.314392768054797,0.00639907849389834,0.159381681799559,0.852136264986874,0.0717527517792108,0.0448597162883729
"2999",0.335440471780636,0.00129159301080947,0.148681015718017,0.726122212800603,0.0724358147213882,0.011996584361314
"3000",0.464900829537904,0.00437708439568292,0.150373388025561,0.602956940580653,0.0726622130011785,0.0172197184426773
"3001",0.167388840951004,0.0102135591794672,0.128702892891171,1.82095982577508,0.0709395038516225,0.0330551238610027
"3002",0.226683861625102,0.00349992128777515,0.160088623049171,0.739021550314632,0.065080722500322,0.00152884572451277
"3003",0.320624306684307,0.00234263993283261,0.129715051844899,0.509905999157694,0.0740513183020966,0.0458215815438547
"3004",0.296641160482302,0.00850960216489601,0.169306482032996,0.888821632369037,0.0681875357967218,0.0449488965968883
"3005",0.367315838704218,0.00711542886535165,0.197202144036811,0.843422344426488,0.067118161146688,0.0198506290155795
"3006",0.353089168757252,0.00587112127829643,0.213984528219521,0.782822686698309,0.0611515757963701,-0.013384857830285
"3007",0.308290864101869,0.00175079360191097,0.189068380986118,0.848806249344277,0.0693107272392493,0.0107261507068329
"3008",0.277613840309354,0.00371354043272343,0.196006643977034,1.00783551142393,0.0639585378674337,0.00615517128602653
"3009",0.285766466979684,0.00288868175812509,0.204731606988127,0.837821991701699,0.0632257561385017,0.0452638711215728
"3010",0.255450577049682,0.000624220050922041,0.220928319050259,0.971777827409675,0.0647503661031744,0.0375291607705674
"3011",0.21394093104285,0.000443664744234522,0.215597647442483,0.88105652917952,0.0611591775279834,0.00951972319046726
"3012",0.223518674787582,0.00354591196977753,0.240973189487858,0.951252357883557,0.0609520247238791,0.010006644462413
"3013",0.263840079618477,0.00145574580275225,0.202828756394787,1.03248918557902,0.0673543214600989,0.0202902430295304
"3014",0.248089992478469,0.00552574930384879,0.16287591189442,0.78585428907517,0.0642083106787454,0.0194723045767271
"3015",0.362984594882703,0.000400526292690772,0.289246775502561,0.625932853070672,0.060548197013283,-0.0416012172233443
"3016",0.314129294104953,0.00177622905930063,0.201803643765304,0.753187893311968,0.0660938353799587,0.0294885450439422
"3017",0.396835765689619,0.000827342993398886,0.218233828637723,0.644899276241749,0.0631069674195383,-0.0221485347306016
"3018",0.362332365986747,0.0131236295311399,0.200668395046035,1.02229193135877,0.0684358596378222,-0.0266455439005486
"3019",0.446433654015633,0.00973802305396323,0.183810495707936,0.634746435184423,0.0687352678904787,0.0125576483270887
"3020",0.305127666653206,0.00467366210542018,0.15888315453718,0.983323228009496,0.0693914285318819,0.035209714658695
"3021",0.201468956360336,0.00171256766226294,0.23041791812582,1.27126746276333,0.0622423681486049,0.0365183223746995
"3022",0.188642139312082,0.00205039342992453,0.186788372292312,1.23008012607089,0.0635358408207347,0.0232013929413146
"3023",0.1940241372395,0.00943432408995265,0.207935805133326,1.27054468832,0.059053386615857,0.02912609346293
"3024",0.247429044147801,0.00114800190536796,0.203159560698702,0.978617565673994,0.066378094497604,0.00613215280701012
"3025",0.326250065490637,0.000713646449922169,0.211585936703912,0.800866425239371,0.0684951300103876,-0.0175495167140689
"3026",0.350162684852737,0.00774663800936573,0.246136664411987,0.885387455980495,0.058710487491681,0.0292192159011162
"3027",0.314793818539167,0.00283265349788715,0.201623943423463,0.802665208151914,0.0660457052891283,0.0140511939304616
"3028",0.36742009658144,0.000941778393007634,0.199116858635056,0.700184765293897,0.067250865512521,0.00153346209107904
"3029",0.403459266852392,0.00834010006192169,0.216779278452298,0.754315084355919,0.0639662112721157,0.0165361460076487
"3030",0.381894991912856,0.00178696020052481,0.222921707628097,0.653223299805524,0.0668912328596249,0.0144014240397491
"3031",0.328660552879744,0.00176216724009021,0.217185405035156,0.792747132340547,0.0639197148353284,0.0126002976709629
"3032",0.226104333895124,0.000742536994578434,0.258062439570846,0.850957225173438,0.0592426305968048,0.0214404609174985
"3033",0.243327928944155,0.00230742625006249,0.282367016761197,1.38813256410871,0.0584359230772127,0.0404183109869213
"3034",0.273611136060063,0.00687801947901697,0.165826194992268,0.963904170051948,0.0649716559304216,0.0408332993248854
"3035",0.248091724238701,0.000381177242482635,0.179908111457792,0.941578820125685,0.0638648884810274,0.015577745916589
"3036",0.219205482187555,0.000163294976809943,0.197184822825077,0.954313798236122,0.064294738452922,0.0186087958366851
"3037",0.23234943514119,0.00994683524897408,0.161807191628437,1.37585495670787,0.0662830442290586,0.0240776626246208
"3038",0.299128357722784,0.00237393332073726,0.180016203413713,0.686328656647199,0.0643005166696554,0.0221014909856803
"3039",0.293250257579423,0.00111595265660444,0.226367680223506,0.65058886457891,0.0613126776801086,0.0276445434975145
"3040",0.306694750666413,0.00382321446995138,0.198500066332322,0.79534435557053,0.0641922004879989,-0.0128328373808269
"3041",0.382176984335469,0.00934976879321545,0.118797319157786,0.796311048947096,0.075973639257992,0.0334833470986406
"3042",0.354198747213298,0.00405648782117705,0.17398254916115,0.636764089321432,0.0681583235443921,0.0126586597135336
"3043",0.327154696884723,0.00252942193836407,0.149596471753593,0.598782145206286,0.0719069445798397,-0.0696573596022718
"3044",0.234852255371312,0.00605557805580438,0.234776004925802,1.02801397557761,0.0591875991257082,0.0251166280232102
"3045",0.425812283929328,0.00125374257060469,0.188021939646432,0.768641012597423,0.0701722397337168,0.0309400572999105
"3046",0.31957982872595,0.003287385012712,0.134571577110066,0.862265990985144,0.0741112530837786,0.0120592672314977
"3047",0.26951510996837,0.000432428892120797,0.154915034253412,0.857586202039407,0.0713111779044226,0.0339555173306299
"3048",0.266192491854624,0.00319712795278007,0.150627384475197,0.804011640327937,0.0709278230330124,0.0276518579678604
"3049",0.231348773056794,0.00621415083304289,0.127275209482447,0.963958203999715,0.074986037009142,-0.0110378386461381
"3050",0.176659309968353,0.0056975305905287,0.0927369623344269,1.18302002496154,0.0778629677659138,0.0461377533204476
"3051",0.265790275350116,0.0212228871018688,0.0696866853515387,1.02690508517569,0.0848640957425855,0.00395680271457844
"3052",0.256299185478546,0.0164749839927486,0.0667507525117765,1.0927026018407,0.085725293934587,0.0250673194425456
"3053",0.247300532249837,0.000417459502057784,0.113428550328904,0.781860996863752,0.0774634559662639,0.0320769479419123
"3054",0.341772644281362,0.00479409083752704,0.119544881328329,0.786281469088217,0.0803062708563851,0.0320174548947619
"3055",0.224511518539443,0.012607997845724,0.0870603617096939,1.06889977368735,0.0825839092932824,0.0294031628039483
"3056",0.278583264906124,0.0149050578232394,0.117117479847169,0.927493158116748,0.0760293199384851,0.00487807577306601
"3057",0.350366071404752,0.00875970646728544,0.112360483668872,0.758405245653878,0.0755692836350594,-0.0033814673835223
"3058",0.293364633387522,0.0135595142661329,0.115541539970702,1.13234020965699,0.0783096704493373,0.025208308189274
"3059",0.260522434634637,0.00722282273733848,0.131147801608512,1.08742500131222,0.0745241632496778,-0.0156310256709522
"3060",0.274370227988514,0.00961545711719509,0.0509366500956558,0.971080511905863,0.0913795249843599,0.0290528592602366
"3061",0.246755737066657,0.0184197298390786,0.0537975595924065,0.863103678480517,0.0881673964370409,0.0158979563754168
"3062",0.203703255376057,0.0118482961085885,0.0827845266067221,1.21447822840324,0.0743495093084277,0.0320756506229514
"3063",0.254000749917988,0.00674651324068635,0.0731740314015929,0.942082818271664,0.0888974349846853,0.021206901716679
"3064",0.223898239106376,0.0168896863942316,0.078736052585879,1.05822462289709,0.0816604610705311,0.0401337853447001
"3065",0.228912840978932,0.0017647255264071,0.101348905695211,0.79657688971595,0.0779396342456452,0.033455480990129
"3066",0.262106767181871,0.00758253530690247,0.106137183158142,0.957548470563541,0.0768605568997846,0.0219741113255514
"3067",0.243974315913306,0.00456215931011349,0.0916390974126342,0.646818011183011,0.0840261884055193,0.0387432706378648
"3068",0.243278925492202,0.00579691615425932,0.0819983094843109,0.804201521265608,0.0813495839852214,0.0193413380876962
"3069",0.241313020152982,0.00156120963277908,0.107378285887541,0.756366593012042,0.0817553748243412,0.0173324307258586
"3070",0.177430191415897,0.0035020674767156,0.0969941402032347,1.06379897993045,0.0827623630998159,0.0324833991824536
"3071",0.265679559528644,0.000886653231501461,0.147073640770683,0.745389601589808,0.0691926488269279,0.00686237759874484
"3072",0.23594145222009,0.002047523374771,0.0949838263721257,0.63117991858862,0.0817808732962805,-0.040590887938608
"3073",0.181314958261646,0.00655559823947034,0.0973113226624056,1.01143105779674,0.0797808660740109,0.0409978299599304
"3074",0.210170086115969,0.0194636621469804,0.0779309193671196,1.43497644715687,0.0827052958569169,0.0139397369998935
"3075",0.322437473031306,0.0201655487055215,0.0945674254427313,1.02935233804537,0.0734771695951525,0.0164503888630094
"3076",0.213863835605446,0.00380385874135785,0.118156865830124,0.832484492841965,0.0756390421139942,0.0211848640323054
"3077",0.231448694333083,0.00245514022546912,0.118500316191544,0.762596458785164,0.0768647560674671,0.047987203022891
"3078",0.268316269457407,0.0102924781666096,0.117766674710209,0.869921900125627,0.0751286208759388,0.0290010308930845
"3079",0.199008791262762,0.00491790812849334,0.147915298446016,0.949644764956968,0.0683664007781788,0.0408852093877401
"3080",0.281005254654778,0.00556511135886437,0.189277555694948,0.779672266429367,0.0640654943694469,0.0250021863531473
"3081",0.315887582435388,0.00709452608028299,0.164872182217631,0.720375379247013,0.0683866809806377,0.0364959627521133
"3082",0.37416563740874,0.00331791821336787,0.172731881444879,0.921938109903349,0.0703460407588992,0.0243730554633569
"3083",0.357245503400532,0.00576611231198785,0.157936766665757,0.674832140967518,0.0698747121722588,0.0332046508033225
"3084",0.378940823808309,0.00131263629149286,0.19335920507913,0.763704175906039,0.0692902722153468,0.00420433251926557
"3085",0.287717152790276,0.00270836198577257,0.199048238580171,0.879869925439538,0.0659239167982547,0.0300211824463659
"3086",0.251704141066127,0.00548965446836335,0.142803407718517,1.00510079245674,0.0703245763388692,-0.00311780566038287
"3087",0.268197607443107,0.00166182444456727,0.173029609783777,0.766454598000395,0.06781178641939,-0.000119882513241611
"3088",0.254732232234779,0.00402561157873765,0.165535001222411,0.81992811969619,0.0673190075647011,-0.0336558734830286
"3089",0.262237596440872,0.000991929897186408,0.185608149251156,0.843948533475647,0.0675093630260154,0.0447869326124492
"3090",0.261227915646383,0.00826494889718806,0.176190091604122,0.942377959399604,0.067195696538753,0.0163792690166125
"3091",0.226817433020609,0.00231786302221917,0.169758145242557,0.8299603372394,0.0680398907947436,-0.0131731618043421
"3092",0.170023600619622,0.000848153593486766,0.182233136961557,1.01253243099198,0.064549003245064,0.0355828463589756
"3093",0.180040841493574,0.00405723461220507,0.200447159606553,1.13120413124842,0.0637734631977563,0.0335705691936658
"3094",0.374992206446743,0.001033567845323,0.274381015417873,0.803227582557983,0.0589284902108988,0.0035236057311694
"3095",0.385872118961272,0.000430289918747471,0.256995262361589,0.755152003434418,0.0644168080262324,0.022538325102387
"3096",0.285973089714224,0.00105981219063869,0.303097653058383,0.825544255806297,0.0555602497387366,0.0199428178458813
"3097",0.280463122626615,0.00309616820806843,0.207606142049682,0.851743919257897,0.064830693822055,0.0198761868660945
"3098",0.29670957391244,0.000284559992735894,0.19971311570983,0.583930574589475,0.066376606514373,0.00516992360973412
"3099",0.283909198781858,0.00666172625260856,0.183917458947244,0.920058250716778,0.066803276973554,0.0159282945875404
"3100",0.239592598764506,0.00335077848301915,0.170298230402763,0.704806272149301,0.0649699561959983,0.0328231583927437
"3101",0.324575840348157,0.00681123576256852,0.200284353145096,1.1241538508411,0.0647171826849618,0.0354739648464799
"3102",0.339186912043748,0.00176949722002476,0.223822026610842,0.540871570501515,0.0644568687375617,0.0160062809215324
"3103",0.338590530248404,0.00760340223529616,0.274964609506543,0.983606942184799,0.05831756158004,0.0275104722312348
"3104",0.280705567972445,0.00046109775354983,0.281270961173355,0.904352993652003,0.0584071357910993,-0.0198370277425693
"3105",0.288000642100841,0.00334869800783542,0.264607295566453,0.880787370111446,0.0561658610617954,0.0177520171133856
"3106",0.285043290137009,0.00156426152880875,0.300052063346427,1.0609541846073,0.0595225581517742,-0.00688491254363864
"3107",0.359131488746367,0.00165624067920405,0.284941092764771,0.741477438995756,0.0597647974721193,0.007154211662155
"3108",0.286939951491533,0.00579766470171271,0.173937476380162,0.933905047154565,0.0665598245993842,0.0344303450835311
"3109",0.324818961197402,0.00495974720818947,0.192925070793478,0.881565789916517,0.0657990743156135,0.0197889308484322
"3110",0.399981780194849,0.000390820355319547,0.223213153986502,0.720091313397416,0.0668427403064236,-0.00592699230188666
"3111",0.279470874217883,0.0018660034043781,0.212566051627218,0.949630257458346,0.0658876563010882,0.0151532297661552
"3112",0.296874981283536,0.000323883583471234,0.198050382770969,0.832461252846489,0.0624065812260748,0.037271189730635
"3113",0.329374071919386,0.00843628816221952,0.267860290634082,0.950872990000142,0.0583008914336899,0.00488886102680282
"3114",0.30076943161598,0.00617816493377041,0.266266310996713,0.971008916123413,0.0583940151514912,0.0243306957626934
"3115",0.318671032614529,0.00272545130186538,0.262160975208937,0.851753549782158,0.0596105322506426,-0.00104631226134247
"3116",0.247681085510625,0.00364940250265928,0.217200129861229,0.996587962910562,0.0625326782800357,0.0276444826440716
"3117",0.300242221442693,0.0031483173040036,0.263612937736524,0.97908925990747,0.0582777562629,0.00749658914277847
"3118",0.369268328726368,0.0037971739699859,0.239470147696211,0.888966536972238,0.0628556868396566,0.0145980848690274
"3119",0.290889244721357,0.000723443738879259,0.234319899216489,0.911526190872056,0.0637868671496126,0.0201394468959877
"3120",0.373150202866701,0.00336505042500481,0.22174368060351,0.694400078051574,0.061060801940769,0.0156446005251236
"3121",0.407378346237351,0.0012329625648642,0.206656549453598,0.740686151367376,0.0683509627202746,0.0130656647189872
"3122",0.298319496284499,0.00943471714882996,0.25260168404856,1.19701947636693,0.0613695678451488,0.0198833312725956
"3123",0.363222758303334,0.00106422253085623,0.166578854390482,0.621187663591524,0.0710371800387982,0.0252305663738841
"3124",0.348453921766378,0.00269687578439226,0.198698822451884,0.680172687370485,0.0689860808274269,0.0234849396467049
"3125",0.159110363311901,0.010606526550708,0.107829849727389,1.38142961946232,0.0739347300326956,0.0184571252928586
"3126",0.160951826360103,0.00127614418599087,0.128558125957083,0.934713521589874,0.0735460285610023,0.045386508127473
"3127",0.221445297593582,0.00131559830384214,0.191535774740701,0.947301969921945,0.0655207744825675,0.0251435274721043
"3128",0.208808275129402,0.000923986370030877,0.180240499905502,0.928932500081267,0.0639623488968058,0.0413209496813718
"3129",0.271951879651216,0.0012018820670574,0.126886264609155,0.69895333491482,0.0778847821749442,0.0309838682169326
"3130",0.25582465671475,0.00159563203566023,0.121335488291351,0.607545907824077,0.072674664858942,0.00969380474676706
"3131",0.269541706435149,0.00464097260118421,0.144800894210162,0.899835409554104,0.0727480220816269,0.0246780992289295
"3132",0.251849787108024,0.00057762640779206,0.17987087962812,0.938156477231135,0.0701668534839987,0.0354455729878681
"3133",0.33941151652786,0.000153752712259516,0.132275999985115,0.501356898040238,0.0772855582903685,0.0223825378010539
"3134",0.250777139298527,0.000993028963284336,0.112201360791393,0.709150952597275,0.0772893678498448,-0.0118839869739383
"3135",0.207191505793913,0.00477906440326749,0.144100600516164,0.883405007670567,0.0694217616596778,0.0250454725690865
"3136",0.285649730826111,0.00210199882918497,0.188871909281326,0.770925606008639,0.0643132056685259,-0.0237928053612695
"3137",0.235429905163761,0.00500344361476889,0.207348047424412,0.941377885283603,0.0652143205798105,0.0284521771379726
"3138",0.210800357550876,0.0031074284108606,0.165457014473612,0.879394116904539,0.0643365731131023,0.0195373646046665
"3139",0.258345165784211,0.00401134102339723,0.176827166290953,0.942903279612513,0.0679429123172184,0.034747081709985
"3140",0.234655017724394,0.00538288545646483,0.17958898594379,0.81794967294352,0.0659563623907274,0.0371521945409463
"3141",0.29078678430757,0.00180544580910623,0.150870984669325,0.72428593946065,0.072544931367822,0.0184958701275483
"3142",0.214206830656806,0.00237981544110365,0.177810653767359,0.910268451847991,0.0648948733062192,0.0366240088333169
"3143",0.330937466632165,0.00552295886634867,0.205464292803285,0.766035270300185,0.0627406369895217,-0.00824344965174071
"3144",0.290873887723967,0.00136945854304936,0.164407769245112,0.732236139691881,0.0673851796163454,0.0207191761238814
"3145",0.270580291457666,0.000341598252429139,0.162881265830174,0.667952960587307,0.0720148117151831,0.00766600400681869
"3146",0.245511687031806,0.00419250635845058,0.207408496762334,1.0195630025642,0.0611084574281979,0.0241679033093809
"3147",0.259251074892527,0.00466131164643116,0.194160505857747,0.947597947343557,0.0635148553957214,0.0213648176088103
"3148",0.239242726452492,0.000907889253132531,0.219616863388376,0.69545098044778,0.0644186807810369,0.0172587355042618
"3149",0.297404124245012,0.0031730291690287,0.224805348100368,0.692703107346842,0.0613592702088026,0.0260102372283265
"3150",0.261953853431434,0.00197753411923179,0.15126133318213,0.802788571002398,0.0758342661719838,0.0215470043154851
"3151",0.228485090539302,0.00114109370425986,0.148156360912762,0.791875636512952,0.0668736540498202,0.00987589003463309
"3152",0.2697057805022,0.00248041039847747,0.213023294912694,0.905565341226041,0.0653618194680208,0.02393946504504
"3153",0.244692463064171,0.000993925622351247,0.242934229899887,0.763994182170228,0.0631314060413292,0.0261751948030097
"3154",0.287833694944963,0.000552439088208973,0.206615946124748,0.69977625895912,0.0646136516993152,0.0363570752656833
"3155",0.234548894627948,0.0105536600747981,0.16958485792432,1.00034477003498,0.0655814095123946,0.00311237345932059
"3156",0.243791375101789,0.0108105038827496,0.200748863965966,1.24968668135971,0.0637512430351995,0.00762361438638615
"3157",0.251673073167203,0.0111577654298367,0.169101556021592,1.06272203584418,0.0647111290791973,0.0325869418393436
"3158",0.210182534393775,0.00262378829575858,0.157189439522283,0.876938799179843,0.0705814449676529,8.01459517066044e-05
"3159",0.299067648945782,0.0103766043803576,0.127295620275088,0.811228329732781,0.0744883755266952,0.00965254512949496
"3160",0.3126471736151,0.00682902926492031,0.150002392093603,0.724408211098787,0.0679722004384463,0.0186700489945761
"3161",0.241801632194523,0.00217231072436137,0.248067637719316,0.698464382183099,0.0596940166560792,0.0184519034135742
"3162",0.29085476801822,0.000217977440484563,0.239500545508288,0.614217910806356,0.0599824373482884,0.0152803705939896
"3163",0.254760456707822,0.00642663917039012,0.238993772390806,1.07364070155537,0.0567123691947677,0.0386568540284576
"3164",0.256206297506688,0.00529441542212789,0.20640009992037,0.898324542714353,0.0631198910311171,0.00291642832285514
"3165",0.253674766337554,0.00443727079013152,0.19045653756609,0.96836680149409,0.0638621514607428,0.0272866911238575
"3166",0.257920939013432,0.00139807629878304,0.178896207194718,0.682598315523291,0.065226667410163,0.0046759237547024
"3167",0.231647504301211,0.00217804525989824,0.253764651179623,1.1416846723161,0.0585012484234027,0.034422433854324
"3168",0.235872514466303,0.00227612246935813,0.252608059250111,0.897246927581356,0.0583416206379847,0.0104239826415288
"3169",0.182196125380988,0.00332215254599778,0.30091655635289,1.16852681624601,0.05216729238274,0.0255038119898206
"3170",0.273926171812102,0.000451211183981393,0.351175562631357,0.878760323612954,0.0540800801917792,0.0168574906724129
"3171",0.34636548566651,0.00147190302942824,0.314103224327616,0.824616906492059,0.0547613179885642,0.00986628451119888
"3172",0.265445023980142,0.00122703935708032,0.257556727575086,0.932097156712386,0.0564865246835077,0.0250354542472117
"3173",0.270645010976904,0.00223363814050532,0.201099551369084,0.935242904277098,0.0654001717847169,0.0383777897741516
"3174",0.295803399190382,0.000498261764363815,0.210739414914457,0.904705384580712,0.0636960889897632,0.0146241956837524
"3175",0.255685478513347,0.00567765328191569,0.223115119979505,0.869706559137205,0.0652104654589395,0.00696292078982406
"3176",0.210721180005067,0.00833480982447584,0.150831715101667,0.942059294794371,0.0634236576501432,0.0331674448259801
"3177",0.310490117998838,0.000945171142565838,0.107929687307565,0.683834772826139,0.0800052142181918,0.0415982842415102
"3178",0.242070917514622,0.00161023691094864,0.145246025944818,0.98626117594285,0.0707971008320687,0.0203590900116686
"3179",0.34569583642461,0.00164892554419725,0.192058117989994,0.731522525933681,0.0707407237068408,0.00908147742595464
"3180",0.307802443105282,0.00141723286849731,0.254694287231711,0.83650513481902,0.0610958891126202,0.00277933282914776
"3181",0.403116873042513,0.00952891969912539,0.210520282234635,0.763887824528827,0.0604279963663268,-0.00289182672805995
"3182",0.284185563613228,0.0021375574512578,0.168334321938365,0.68977030853776,0.0716635272894958,0.0149077683257608
"3183",0.244364846883928,0.00600920462362411,0.160477781643105,0.718781078321333,0.0682464328793399,0.00685693311479108
"3184",0.240572352608779,0.0117170138173556,0.157729522474109,1.23454651485953,0.0659134973170566,0.0258484912647364
"3185",0.224238554095281,0.0041182832102921,0.138123723157502,0.748391360732929,0.0694335970638609,0.0170484294813364
"3186",0.272471070204951,0.00504614739204104,0.145735160970505,0.70379472194719,0.0656999454903473,0.0216993560174495
"3187",0.212421630607926,0.0133039856900868,0.100771361607096,1.34530355906818,0.074419264229117,0.0216392238843026
"3188",0.177313477265956,0.0229204461941614,0.0926394573092217,2.67614319115915,0.0708717073712925,0.0222621875532503
"3189",0.216640752673784,0.0069325270982968,0.116963358696991,0.957263942874549,0.0754344214216444,0.0251756784229935
"3190",0.173873424195259,0.000745311944624014,0.172347299169907,0.84707157597828,0.0640964371002381,0.0260430778795649
"3191",0.291310507297673,0.00543499691984457,0.165900318271635,0.814271604383913,0.0699786878978644,0.0262726036472189
"3192",0.18102924298031,0.00286826547228535,0.261198863299518,1.06107256515428,0.0573467398763345,0.0384729525124871
"3193",0.241001724806834,0.00214562571526463,0.250587823275563,0.936284573471576,0.0602335625665951,0.0334198144370117
"3194",0.301323052646339,0.000573790108575548,0.260187296575371,0.808815645191112,0.0572308098303219,0.00829778376247012
"3195",0.339708968612055,0.00593524243297155,0.266294447223231,0.686868174280269,0.0556687480389749,-0.00538111639928932
"3196",0.273014748343205,0.00172207565050509,0.232191450161304,0.750907589348443,0.0627647512641031,0.0186775728243435
"3197",0.232217283087775,0.000150025245545956,0.220960543566313,0.899339285198315,0.0616569902366218,0.044016065660539
"3198",0.362841137232448,0.00121182410065711,0.200290681231422,0.650871732524752,0.0687526726267145,0.0370090560929555
"3199",0.260712523221087,0.00718359718389653,0.108263368163838,0.663945201275265,0.0820711498600926,-0.0246629345448309
"3200",0.347849964941785,0.00520230739199143,0.108575825091208,0.707060425026442,0.0807765544991723,-0.0376362225326366
"3201",0.303536291085627,0.00744795659206865,0.1575392951162,0.772750913493188,0.0721913801695137,0.0219286230660776
"3202",0.305353470349276,0.00115646154908014,0.145993591603876,0.721552137273222,0.0712862536332521,0.0259365097301288
"3203",0.29601255172623,0.00453405895636289,0.157147212445663,0.907937838030927,0.0742763798837781,4.46583419425727e-05
"3204",0.247158322357097,0.00283080010641412,0.156193467293308,0.757914691712447,0.0680659920706028,0.0332314863115318
"3205",0.216917971269766,0.00593775702407385,0.169904252118577,1.16480891779041,0.0699601502418632,0.00472177154918257
"3206",0.219793063548024,0.000315074193914817,0.199631064038704,1.15281768721953,0.0639685573452278,0.0146436456334765
"3207",0.163758118035725,0.00267705854238751,0.177254740055376,1.96642074017741,0.0608799391874593,0.0407644798650361
"3208",0.273133602039744,0.0100498866642574,0.114235090435523,0.750737342103139,0.0723134090654941,0.0116958369295116
"3209",0.253376586873628,0.00729580155164372,0.145343768348632,0.838909194738965,0.0679247984235936,0.0194068552721305
"3210",0.318094396320929,0.00639456514718517,0.178211022939799,1.08689771843856,0.0680897038917502,0.0304995163985557
"3211",0.316626863449706,0.000325382626979608,0.28937385577879,0.718268584127852,0.0590993559393057,0.0190962698495961
"3212",0.260802654669036,0.00136000603389013,0.285054667845071,1.04105927222029,0.0537973086034806,0.028483613000766
"3213",0.244523248587992,0.000829431900798122,0.31938728015728,1.24761611302509,0.0555781982803967,0.00545885345032631
"3214",0.323460661893939,0.000624631049762979,0.276715616615915,0.848402107378043,0.0580961604499909,0.0397957116381133
"3215",0.250618130554844,0.0042619342263831,0.234700609985707,1.13934638656307,0.0622641162594915,0.0236063220390465
"3216",0.230379426903958,0.00198668150914856,0.257862206924341,0.930949431239525,0.056676127143026,0.00974569123053339
"3217",0.310912746582158,0.00347067414015523,0.197462838845236,0.895464857470324,0.0686100382332697,0.0216972371704121
"3218",0.315456871866793,0.000595622631564481,0.244083662135063,0.969359469225302,0.0605448600255188,0.00615123400107847
"3219",0.298672047519329,0.0066349357483163,0.20992351973601,0.942746436955535,0.0621915709157848,0.0148372677205773
"3220",0.316448745054195,0.00049911981182267,0.26292289584406,0.764978881011584,0.0625422421917406,-0.017554658253208
"3221",0.376354841652303,0.00110801522836174,0.248704327312513,0.824832502713698,0.0618288707541567,-0.0127103193350526
"3222",0.269381666950351,0.00131223460153246,0.295357022395133,0.954652994055739,0.0561576916905126,0.0146364647269458
"3223",0.302788919728889,0.00272886311267005,0.282045867214696,1.03626908281441,0.0562702812306231,0.0167498403797306
"3224",0.401761964081003,0.00588835039293667,0.245735273339671,0.779965211243407,0.0602859126231697,-0.0250850650540651
"3225",0.485859820783887,0.00398478777123082,0.249724894840724,0.600722388327554,0.0624777063327941,-0.0276737370855732
"3226",0.329661168873983,0.000202852659194552,0.306020153581448,0.674097587141934,0.0565675370556348,0.034299108033453
"3227",0.30702533725322,0.000303894717012472,0.250178918694066,0.668169316868125,0.0589672217002499,0.0253259452608892
"3228",0.25307429059137,0.00290409467139971,0.139297046080075,0.977060322240206,0.0720406772211438,0.0266441264256997
"3229",0.25525193517275,0.00778242167326435,0.164678957131021,1.02843535320622,0.0645896825966065,0.0337378328756143
"3230",0.236963290619562,0.00186037016540083,0.140843035129416,0.951438375527074,0.0692234265386987,0.0356850458924836
"3231",0.312652136929996,0.00143575627586305,0.170851327066137,0.719669822325983,0.0711997188950277,0.0137331205977146
"3232",0.228871534823987,0.0010433537882201,0.208758150790872,0.797249231559068,0.0652367193696279,0.0482238473685442
"3233",0.22277024072792,0.00278316467069509,0.136300165051901,1.12890696249107,0.0744090563863211,0.0288414895280394
"3234",0.37133015868461,0.00342545195651602,0.146670758058968,0.752775237442723,0.0687097056342789,0.00937021588472448
"3235",0.393715316621652,0.00553736759251908,0.131867864004432,0.779550226116585,0.0756115193994893,0.0238396850506438
"3236",0.364098226203283,0.0113863984534468,0.161473561915028,0.759226410903896,0.0657880629240792,0.0122595145390471
"3237",0.299486930216611,0.0139929291528066,0.1138410352573,0.863527260636242,0.0710472483564907,0.00277906693043261
"3238",0.241928204128898,0.0139037654566173,0.142076139235625,1.18465079654554,0.0709650168070058,0.018384317224677
"3239",0.258671038987707,0.00548800786851495,0.204222584552442,0.817982466563765,0.0615414308746493,-0.0223627744202409
"3240",0.183587982459854,0.000126905423554239,0.260794032158677,1.05145409353579,0.0528737422866453,0.0310025726238212
"3241",0.24841327887581,0.00782109437048501,0.273164687983858,1.2872985895183,0.055753501638754,0.0147973664173075
"3242",0.428487970876882,0.00212971476912149,0.243556673149794,0.743923484117071,0.0634091415457536,-0.00586829374042326
"3243",0.353714155895821,0.00148397315310166,0.251935117496572,0.797735626900407,0.0632750537698851,0.00896398722327364
"3244",0.288699762712664,0.00454077818282286,0.212942673622181,1.07470858770538,0.0692986414233648,0.0485125479677398
"3245",0.422151627731279,0.00193808865255457,0.166095226298029,0.614275103574474,0.0745263776693969,-0.0132493199055231
"3246",0.269961813066484,0.00109648389130985,0.152358461692567,0.805416845071269,0.0728439873169115,0.0276714919539
"3247",0.285694814223806,0.000557819234814256,0.195148825874509,0.754088842943893,0.0672970254645402,0.0259778833126357
"3248",0.319597743922519,0.00809452418179972,0.191087116191527,0.63927420197748,0.0665665914375706,0.0286687398223348
"3249",0.260201564445757,0.000636867405970428,0.239529149874023,0.791712990813047,0.0606132128937946,0.0373741093116647
"3250",0.329802886181373,0.00529075905528109,0.21985368852175,0.721429597936058,0.0637431761207498,0.00318404241926068
"3251",0.325406016673212,0.00543804040767751,0.200853866254561,0.871799142655959,0.063082433747335,0.0101304687613326
"3252",0.389831215452991,0.00153352156497147,0.274641256221692,0.680920227409153,0.0617696838095945,0.0017864660848787
"3253",0.367305339798743,0.0021182316513236,0.220466192273207,0.570787380107235,0.0644320063699644,0.0167231159925424
"3254",0.29865992821446,0.00325242976920232,0.236302696688346,0.80051883163762,0.0610075601386252,0.0153863227247617
"3255",0.366952740052638,0.000446153477105547,0.195715085269581,0.668098250068194,0.0642896849287237,0.0216385311006797
"3256",0.375814635662949,0.00504614053770873,0.24042454686604,0.761250350639947,0.0623203810530591,0.00151449304918168
"3257",0.301097420770017,0.00660933497125142,0.252776992790218,1.00653546393215,0.0580675272276982,0.0277531354880345
"3258",0.301687270947346,0.00848849048986034,0.281156718483599,0.848129491986523,0.0577537281380583,0.00599121953346058
"3259",0.287428751168541,0.000764233070253048,0.249783042198232,0.743703687933634,0.0588699352485948,0.0205107204907977
"3260",0.22367309848642,0.00737078758986302,0.293821865374358,1.54690191761426,0.0523424076286248,-0.000249917662194293
"3261",0.237451104549065,0.00125286051248126,0.399451975749279,0.882813480838333,0.0504679429192667,0.0199340466679322
"3262",0.314314378555815,0.00250823502895631,0.308042643116671,0.923720904837728,0.0558678424288578,0.0309808670257311
"3263",0.289787806930195,0.000828364670789136,0.371841205832998,0.935205795131346,0.0529772024060707,0.0145878563239795
"3264",0.270006541882993,0.00139783946775169,0.200011088556799,0.752200102950389,0.0655211108355928,0.00648439597319438
"3265",0.262660701023702,0.00246945542920067,0.181051390473259,0.761701125276538,0.0664909605832172,0.0482647397654273
"3266",0.249463275014737,0.00211687944713507,0.160429218557935,0.797418625845146,0.0709560831614245,0.0184538392053164
"3267",0.235357608689194,0.00466770023494807,0.278120917970762,0.744428299968335,0.0562195255800857,0.0169174878989312
"3268",0.291855305102762,0.000993179438803233,0.359784325945046,0.818709273582047,0.0551639472670086,0.0151849861466324
"3269",0.203637168824193,0.000521643749464431,0.249162525962831,1.075938180146,0.0599058965025039,0.0159310678392391
"3270",0.259943218298416,0.00129360825774814,0.166877629543881,0.742878874041914,0.0697403928867439,-0.0206855750425507
"3271",0.189127557684646,0.00221892189469013,0.173261764593126,0.893778620278664,0.0641706895877163,0.0470474543005099
"3272",0.186936639029913,0.000883637298927624,0.107829733661591,0.806130407474559,0.0776723324596666,0.0412841650916961
"3273",0.233114976078441,0.000857473022198911,0.145806310816835,0.593142697091772,0.0685469805733984,0.0401512594619133
"3274",0.288249508157798,0.00458971451444847,0.194493059479386,0.940083709275008,0.0663635011964692,0.0256266413150984
"3275",0.283232064411397,0.0050302467501427,0.139677004550655,0.833229384691385,0.0712771026525782,0.00973539644062075
"3276",0.325086351841144,0.0114541979351438,0.211816779273559,0.834023213927707,0.0583041915191027,0.0245127467865747
"3277",0.279371959627451,0.00272331848366237,0.217285543330982,1.14185665345481,0.0658798872994796,0.0279273086875734
"3278",0.255554957436104,0.00454942551948789,0.189332135684319,0.860625878511505,0.064839820817377,0.0335654164818848
"3279",0.248592742066273,0.00100293829372505,0.232016005865436,0.860995949799045,0.0637106935990361,0.0352182293539849
"3280",0.300883962628131,0.000300579201138072,0.280288368015784,0.930742592141496,0.0577477431377813,0.0233125041519684
"3281",0.333546132370534,0.000259984448774371,0.193460691818702,0.684946010931379,0.0700431026435307,0.0066738626675763
"3282",0.262089319721412,0.00455828628301483,0.203756423219589,0.693608412987971,0.0616611055477454,0.00297652468924775
"3283",0.243709236116731,0.0017762029023444,0.22204062196519,0.951226699875912,0.06146396377722,0.0341522766905429
"3284",0.25589031147488,0.00674525849571874,0.205963406128658,1.09126181389064,0.0643593574167094,0.0189906937936956
"3285",0.245290433442818,0.0114071005754118,0.126720864981937,1.00326853103815,0.0746421459494165,0.00497525138620827
"3286",0.31482280326689,0.00715260032328836,0.119497471254754,0.692106994242047,0.0764431507630007,-0.00246410244677235
"3287",0.238391463893246,0.00417766750642659,0.218755466490662,0.975425829590457,0.0614513084003697,0.0305341972691444
"3288",0.325243933249239,0.00119682070615677,0.296960412721201,0.686803525238196,0.0571887321057578,0.0124816575796658
"3289",0.255965856152521,0.00152583679979231,0.248400636381384,1.07751416172301,0.0601221421610329,0.0341636238996617
"3290",0.242379546750739,0.000305614014452108,0.213481106212563,1.01803113045235,0.0620419859942352,0.0432081479514522
"3291",0.326875445144586,0.00659883625855781,0.132048022571203,0.761260518856744,0.0753087182184258,0.00849129316393311
"3292",0.367842074849432,0.000270631756289499,0.184421394978853,0.758247585159964,0.0677943005993095,0.0247865170780626
"3293",0.344763780069692,0.00316773341576452,0.153631261937709,0.730107945853115,0.0764184291267948,0.0152944424933983
"3294",0.23115252207025,0.00633961197785695,0.117646927443151,1.00405711838783,0.0738529180943581,0.025994596949258
"3295",0.266998379536262,0.0115935884187577,0.0924242709101298,0.829995849607094,0.0773518660045217,0.0080525916458215
"3296",0.179543817018992,0.0151114495420027,0.0929163330228387,1.52107721358505,0.0763432143562404,0.0326689334983651
"3297",0.280633348259462,0.00476155309067985,0.0995249145888039,0.710288893421719,0.0789321846070831,-0.0253466024657131
"3298",0.281421910630839,0.00819289244097727,0.169169660740888,0.872643747456989,0.0660587095029088,-0.00378766531608708
"3299",0.296609141105489,0.000961600688901311,0.176368938960887,0.671752773086007,0.0673673387686637,0.0228216111734092
"3300",0.223140770729325,0.0194659724208501,0.16872618257445,1.00111693940598,0.0651515473171065,0.0365804575274615
"3301",0.297456656471325,0.0103929347368715,0.143666370825477,1.1156879326616,0.0706399746583555,0.0323745381622857
"3302",0.249272802738786,0.00280328066828763,0.191622676732273,1.08705670197373,0.0675653046185142,0.032192193008248
"3303",0.276925068449001,0.00235888309352049,0.157032796000424,0.678170101067518,0.0662942451699807,0.0436755217275448
"3304",0.227335793617349,0.000719491792634296,0.19489854898791,0.988708356808403,0.0699394209738834,0.0175693463684728
"3305",0.373115838299715,0.00457921522583775,0.256280716935538,0.727685905579759,0.0589178502512534,-0.00340557922502347
"3306",0.443200403188921,0.00268439583248228,0.310753806032067,0.801290938583607,0.0621121484314643,-0.00403772613875216
"3307",0.30221643050906,0.00364936161216888,0.407622309940683,0.934940318182533,0.0501574488783953,0.0224554783925109
"3308",0.307649601983612,0.000206571443384396,0.398893437095719,0.998934908890229,0.0524472376401417,0.0106399946139773
"3309",0.462260738071337,0.00303447849775273,0.40980560012289,0.802894064081875,0.0532475793156364,-0.00891742097326088
"3310",0.349877803619409,0.00293030707242911,0.344252283924407,0.986088950202846,0.0530161288042604,0.0072062618702618
"3311",0.267481360079783,0.000621373460461328,0.257445091624393,0.936900938716749,0.0566898174237739,0.00628791779797938
"3312",0.337553733130689,0.00412916499382453,0.209703025713902,0.968122186215364,0.0612240163264793,0.034263945104591
"3313",0.244076693113302,0.00329917967973361,0.135199592817209,0.647413238641332,0.0735489030738405,0.0329415266939309
"3314",0.284688841669728,0.00242451927842868,0.139918988109634,0.726893781337252,0.0722248048499571,0.0312358437061209
"3315",0.236206066959279,0.00356197568445486,0.118317894755848,0.904330607216428,0.0762581657049402,0.0222105579335979
"3316",0.256533643956898,0.000701710604665251,0.210375771375983,0.703903284093253,0.0627294483707616,0.0131841232347048
"3317",0.301603601997913,0.000626207574542667,0.228256699669614,0.795164320145192,0.0659129589184132,0.0375049173347611
"3318",0.271098148705538,0.000379443784088569,0.305192638581501,0.705194728223206,0.0578438348123657,0.0273474855148556
"3319",0.337492251980761,0.00830995234868384,0.215337346220637,0.804738719004423,0.0644442126610702,0.00551534142346901
"3320",0.361543779676732,0.00609434355992039,0.153614061874301,0.97551954792844,0.0714850618816711,0.0134688991288683
"3321",0.263487871221064,0.011346202441625,0.106881455070793,0.878282544610773,0.0750197734272564,0.00302039322345208
"3322",0.231480875771699,0.0150610782049929,0.114531248790084,1.42607325392423,0.0700728048318465,-0.00774782407340364
"3323",0.337309896426532,0.00768989126945193,0.123938943783688,0.69264979415592,0.078093388203964,0.0321364047773941
"3324",0.342688693561051,0.0146496089575148,0.084723458469525,1.11670541827239,0.083603610747807,0.030767566008133
"3325",0.437214586238301,0.00436175177639611,0.173539654813259,0.569744882755764,0.0686507801957657,-0.0238752747329872
"3326",0.259330228910067,0.00967424377590511,0.160679129102266,1.12329725975284,0.06997993177179,0.000547880263674756
"3327",0.214692955900344,0.00787417633114925,0.157072141670276,1.1156555085634,0.0691236307426425,0.0217552516276184
"3328",0.213970508465125,0.00760664855302933,0.0941940768970729,0.986365386874164,0.0741233985653042,0.0254829364851869
"3329",0.174234062747858,0.0103528738054617,0.0998799087379739,1.09750240664715,0.0767630409004865,0.0402644775590481
"3330",0.271090828938231,0.00062614272571683,0.186147811844788,0.80976272662446,0.068829978193801,0.0315775806783762
"3331",0.253112458019425,0.000101322741448713,0.248147685689369,1.07672431594722,0.064303048704587,0.0412652908351528
"3332",0.253586774793989,0.00054696124461229,0.219631767648692,0.884970350381552,0.0628526477092087,0.0164720797799958
"3333",0.361819471693014,0.00464587691974495,0.172863553968184,0.639517515479712,0.0688583649995878,0.0313714440574312
"3334",0.22098060985584,0.0125267917256565,0.155865107213532,0.940854661922964,0.0677358652564174,-0.00816053719065029
"3335",0.328741437790408,0.00463070563299578,0.234104030940308,0.627963423694418,0.0591412577276212,0.0132527562196425
"3336",0.203528452494362,0.00420780687398439,0.19579935843131,0.984533364902303,0.0597471101098101,0.0398338721861568
"3337",0.25847328810953,0.000585616048136384,0.178550949468537,0.924061003209633,0.070977894173834,0.039048007900513
"3338",0.196538067904288,0.000359385182302471,0.164627598640763,0.855583196249851,0.0651640239863453,0.0434782952013249
"3339",0.254353380254152,0.00683872296148249,0.146098982737227,0.777324282310677,0.0679661876448496,0.0338529147337583
"3340",0.263889437617832,0.0121290120575915,0.144022548781217,0.702293699719506,0.0668569063781347,0.0362279134443005
"3341",0.261378931950127,0.00399524623267907,0.217347237337767,0.981188952320743,0.0611918343793469,0.00734614035324083
"3342",0.243089419673911,0.00499622198856187,0.195721473577636,1.16912492037456,0.0658935092874682,0.0318295071476805
"3343",0.227339574048137,0.00168280270080708,0.14645942852196,0.899975293403988,0.0663880747693209,0.0443543241882894
"3344",0.278960639237808,0.00875115417433598,0.152683991029316,1.12923842341285,0.0687890633703843,0.0216684942646562
"3345",0.32712125134806,0.00323473215550558,0.220548291945192,0.991514343386147,0.0679696221640769,0.0111345490512174
"3346",0.32535171903099,0.00824121701839827,0.233716468764829,1.02848799592128,0.0634797269449621,0.036735658434999
"3347",0.237873660798538,0.00178017974051475,0.20091548492524,0.939795381334003,0.0632115377169247,0.0410163844517401
"3348",0.215774566655327,0.0047890975414271,0.180269248574631,0.975909866973679,0.0644505069355013,0.0198006729031233
"3349",0.208650589137419,0.00464727315696106,0.20442268210157,0.959283681958169,0.0569103337021883,0.037491470066952
"3350",0.241844725211103,0.00697094927075493,0.115930620480185,0.831755594578364,0.0750184053752459,0.0451381257426402
"3351",0.239807420558366,0.00469445890934689,0.157030280054391,0.853804114678591,0.0693804353136571,0.0328145908819707
"3352",0.277353316245012,0.000371351546201107,0.170188627401065,0.599646419390558,0.0679605718118346,0.0327747839074569
"3353",0.239903827963195,0.00314747044365516,0.159309381587214,0.871054162007323,0.0692566811855559,0.0296746364467639
"3354",0.176495750334422,0.00960678118515637,0.132261500999104,1.7046728353906,0.0689626354401925,0.0467976434135994
"3355",0.245503506391678,0.0023772171603852,0.157691083379259,0.975396792833267,0.0685514366245191,0.0163666227208828
"3356",0.169070571703269,0.00366591167826189,0.13046566628171,1.13573536781906,0.0727774447606659,0.0483330461901883
"3357",0.1735117768556,0.0135027770823586,0.0964800873358076,1.62070390139506,0.0737313301160401,0.0301296012975972
"3358",0.245296204586207,0.00473805830257267,0.129715086525667,0.791719427515758,0.0715287232048462,0.035090410097602
"3359",0.243512939481251,0.000972953073710902,0.182822556085732,0.935384362000946,0.0674180896331639,-0.0101553142653125
"3360",0.244694116851697,0.00178918601723445,0.212065190360396,0.94234978860116,0.0653417487347935,0.0259734076925195
"3361",0.275388441770801,0.00159715872602916,0.249213452880228,0.845672002750922,0.0614938948723368,0.0395199864449589
"3362",0.350091204669253,0.00441695902717142,0.258308194490584,1.03146315918176,0.0608097903466023,0.0154890103230953
"3363",0.438828799540521,0.00210493973885302,0.295620298257919,0.839839546273867,0.0587029616551242,0.00392771954497523
"3364",0.262926960090918,0.00200690422726817,0.210651238427611,0.961446562086373,0.0651512370312791,-0.0237387011749446
"3365",0.296075615811562,0.000943315570376011,0.181869358337435,1.03391032971569,0.0674500452272273,0.0370228090536912
"3366",0.265765555360603,0.00763954534002304,0.197558264639295,1.34708803713679,0.0645470812482797,0.0384912782885746
"3367",0.321462751401098,0.00346844826050739,0.120373636355612,0.735115064039009,0.0750684512328396,0.0333459765201115
"3368",0.250672160034875,0.00174721035893561,0.201983287308692,0.870384803482542,0.0667360854193733,0.0261204023721275
"3369",0.274627956431559,0.00246988533410629,0.14000354848943,0.693209174289167,0.0711648658238357,0.0447242179740025
"3370",0.184714758252562,0.00595040025842165,0.190760064645423,1.28925824600809,0.0644195225111386,0.0295693467164979
"3371",0.335421538041543,0.00298738456692478,0.223492814990231,0.723605377431422,0.0672381299423356,-0.0159619445817574
"3372",0.2535094603504,0.00222584817676495,0.210087719337413,0.840344316391985,0.0583632156821335,0.0475081527029534
"3373",0.322816641134571,0.00249437920955752,0.232655203595744,0.790447756359322,0.0623232616963085,-0.0019614214429493
"3374",0.345779745903792,0.0044657038756011,0.223749332983009,0.857125565944202,0.0656490453721493,0.018426501245496
"3375",0.224039104870517,0.00313606004687514,0.196209537323052,0.985137387859441,0.0676558129395733,0.0210624028242447
"3376",0.216783284665014,0.00265307112628878,0.18387310309936,1.00608081995168,0.0643341957775309,0.01841180354244
"3377",0.277094415152773,0.00180131293046731,0.294800809930946,0.845674132190762,0.0592571967784235,0.0176338580155668
"3378",0.295782559411936,0.00871818463200806,0.27818149079868,0.966819556082796,0.0570916580675657,0.00285569751336095
"3379",0.320300182871651,0.000217060192392294,0.195345646076783,0.761901086509347,0.0692045919324537,0.0145230156908728
"3380",0.264268317005603,0.00378265624019356,0.17032924348225,0.842631886776852,0.065826206755223,0.0495631760711619
"3381",0.224829380915947,0.000177269350011758,0.212316614940782,0.946091974880399,0.0623351118563911,0.0159390208834542
"3382",0.292674719267323,0.00101488900031341,0.314107895530373,1.00656502633972,0.0578129734961822,0.0328496339808903
"3383",0.408404850854237,0.00580850123262647,0.309585660767635,0.860452106492485,0.055778496936083,0.00251064423980962
"3384",0.355683347396481,0.00245241246221544,0.362417606859209,0.870620916297301,0.0524390989006194,0.0210733821704595
"3385",0.312560432729493,0.00174576084540199,0.30012603563453,0.810730704149932,0.0581750077722547,-0.0144579686543757
"3386",0.274667407970996,0.00775228005869361,0.277737311322519,1.13697545617651,0.0592921155834551,0.0240961509482288
"3387",0.257479045873696,0.00494208696077408,0.357384334761507,1.11430941995141,0.0558496674337425,0.0331129947228142
"3388",0.214452758470742,0.000166194316270275,0.301461371626566,1.27804220618695,0.0551662460179432,-0.0160608562541737
"3389",0.344484019793729,0.00211385793782298,0.195084586519475,0.641854195764969,0.0679224476687876,0.0145564206773576
"3390",0.321840752532707,0.0023664609779399,0.221600632701112,0.731469800432582,0.0650431738857266,0.0221858088968369
"3391",0.290943800094879,0.00165392205793491,0.19477782835103,0.947701135312234,0.0665855276432036,0.0472503178736669
"3392",0.368750487980291,0.00348973080655043,0.158256506413199,0.609563324042811,0.0735241673638329,0.0256197699554689
"3393",0.240891073740294,0.00219079885466988,0.16155710365623,0.748115756873696,0.0683309479384168,0.0453811818057548
"3394",0.179708127614402,0.00589211364116711,0.103699421726785,0.807625041115603,0.0786697643875849,-0.0375078409830003
"3395",0.222654984455991,0.00678932222621208,0.131314138246231,0.913118108918205,0.0711330522314088,0.026338832254239
"3396",0.266789997558691,0.00123156498807185,0.224932024261444,0.879489626625888,0.0652258004815756,0.0332283780833228
"3397",0.231617086895002,0.00413256191308588,0.174208310753123,0.836772027812194,0.0680100832674825,0.0331893042161684
"3398",0.27677434287287,0.00792806483330196,0.107814521197376,0.86717068466808,0.0749486708159326,-0.00511656092105131
"3399",0.246451516148291,0.00633319391787466,0.217123712576158,1.12967804913963,0.0638783946714121,0.0175385130078678
"3400",0.302956894143807,0.00443795026573703,0.287597237697336,0.734342934411769,0.0517455517417829,0.0317727691423813
"3401",0.189783249872008,0.00436700563406871,0.311646843620333,1.29799903916804,0.0504381724716816,0.0187153292713736
"3402",0.274483840966942,0.00560306100532072,0.353456232122083,1.03169817799355,0.0536161884080957,0.0055883149634072
"3403",0.231842121353933,0.00133068876321773,0.370983908783632,1.40176779469196,0.0514599999665944,0.0310704244263226
"3404",0.343469928461704,0.000718251133553616,0.23599120526118,0.701392365922562,0.0645518910463425,0.0152839136416561
"3405",0.360778394162271,0.00657392018396011,0.156343378268061,0.740515898404931,0.0688507475785883,0.0340397680263774
"3406",0.252674986773537,0.00432317594495151,0.135649130685237,0.783893937406156,0.0695457448089489,0.0258262607815307
"3407",0.27994582370421,0.000925809615331801,0.237056594222064,0.740796235543378,0.0604652824600238,0.0343262904589649
"3408",0.307954725848473,0.0026361207263252,0.240811437147138,0.696983887873607,0.0609445727444975,0.0268333963727864
"3409",0.309985015600629,0.00227041198784484,0.265646072263432,0.952420702681343,0.059807221125309,-0.00458855256790475
"3410",0.340320493093442,0.00565547036753134,0.24066443825211,0.780991087016329,0.0634929938607956,-0.0403953293146404
"3411",0.245543489017854,0.00278586754763549,0.157575515043652,0.841749649544256,0.0694224469641539,0.0448310307389695
"3412",0.333574143836867,0.00482828380681081,0.206971864400653,0.823196246923941,0.0646297618022856,0.0123733557237368
"3413",0.242373575361087,0.00124147895450866,0.210233051665276,0.987351663468751,0.0679318220537617,-0.00529916886931053
"3414",0.268743784746859,0.0122291256665709,0.214748189568101,1.12676214105066,0.0603315571459148,0.0125971443481571
"3415",0.350027637489336,0.0107667416143301,0.248929634275662,0.913467551968484,0.0628165419185917,-0.00113726427847146
"3416",0.335475617557422,0.00818297276142922,0.21803412191635,0.837482369298067,0.0618713762158264,0.0179185053529233
"3417",0.369008021654881,0.000643073088202165,0.220112214974948,0.686741582012407,0.0644463413665882,0.0101025586004501
"3418",0.380890693149515,0.00854143572411338,0.24196026223761,0.713893194890117,0.063266346675033,0.00170586618981598
"3419",0.373792423261288,0.00285496638692826,0.30776479631779,0.806925401390037,0.0607955374073534,-0.0115278237375233
"3420",0.4518251508636,0.00310064658908792,0.335472484925516,0.881760864859824,0.059991052965006,-0.0198329159453113
"3421",0.395928401107763,0.000710622036195814,0.321514645333739,0.872046015851687,0.0591083811024308,-0.0278200053101376
"3422",0.304106815363659,0.00963791913155241,0.250000688133673,1.02627103467976,0.0598289978794589,0.0215120939726589
"3423",0.29167591321246,0.00294190022551691,0.20501228507836,1.08762414774947,0.0625541160754156,0.0302269823313119
"3424",0.353238178965525,0.00129987703084836,0.17541419142619,0.753847693246092,0.067309258079313,0.0235641018252301
"3425",0.276391272921589,0.00773715055866126,0.118192265486655,0.710094526553553,0.0769470779923631,0.0399265898115792
"3426",0.24606458741504,0.00069549928873771,0.159404398189825,0.845065116235357,0.072290743891599,0.00695539944283734
"3427",0.275435423107944,0.00139208782733111,0.15517560841902,0.904315876445066,0.0687748925996281,0.0410699554621213
"3428",0.176544824144036,0.00441895432724271,0.152938535581534,1.69528201028484,0.0681523718105851,0.0363656241012889
"3429",0.274064960483304,0.00262419404583488,0.13454096516986,0.726412121864995,0.0715879213096149,0.0308167421503804
"3430",0.244447969189298,0.00180886875303827,0.120648028586132,0.866948100020488,0.0787934888034956,-0.0511427383397603
"3431",0.232993007643854,0.000801127024999213,0.147292819688756,0.994534015907282,0.0700712973836009,0.0394968250464151
"3432",0.235239691690441,0.00187239781467873,0.160607750475752,0.764716293776808,0.0658456289208871,0.0388981297759884
"3433",0.295787927656355,0.00100775510096756,0.187785221176184,0.746551810408769,0.0655711794154388,0.0101265853634769
"3434",0.27628838926007,0.00249150430675634,0.152392563102531,0.723823168350703,0.0660400644605436,0.0416618456438799
"3435",0.345469696852259,0.000403299782925206,0.191477203569388,0.629381044511652,0.0691437056715838,0.0348894518208146
"3436",0.26471585732119,0.0132294262350725,0.125993553273284,0.846404516419533,0.075885722396012,0.0452805972932642
"3437",0.226595226643374,0.005083584493489,0.22947540715508,0.926664064231548,0.060361642867248,0.022619075309873
"3438",0.313465127543248,0.00294415077642303,0.276485352845162,0.748735534529618,0.0568203101536794,0.0100114674908293
"3439",0.232611343192783,0.00751689408126968,0.308274792519605,1.16744021662039,0.0517578930840867,0.0248477761564484
"3440",0.204129529534671,0.00228832337711787,0.20764850371669,1.19609364134494,0.0632033208931146,0.0169045672760641
"3441",0.171566390666367,0.00173841909698391,0.0893527131862687,0.806011038383579,0.0831007981359405,0.0340862857746395
"3442",0.213844794338895,0.00704028497520854,0.0535541431952135,0.830079874572153,0.0911425940997742,0.0283749736630651
"3443",0.220900998292645,0.00830512769908486,0.0791526947831217,1.00269042501038,0.0799372409135723,0.0312380739401436
"3444",0.197210174350836,0.00961684304591109,0.109942525106526,1.15468216176589,0.0748086918559356,0.0308488107781107
"3445",0.194365304435017,0.00592858850546264,0.107772658634741,0.830631675826049,0.0721216499611351,0.0386769184150185
"3446",0.228203886398656,0.00446801631547766,0.130908156299463,0.875040708155622,0.0721359957996299,0.0466753185018653
"3447",0.257565451825304,0.00154887007205465,0.227534237301538,0.83343529618442,0.0626517756291711,0.0382441696000996
"3448",0.21978800476348,0.00821244348849438,0.255438927522852,1.5254098875651,0.0574834484394873,0.0248178522790273
"3449",0.260446871735632,0.00521602277071361,0.272736805077445,0.793781482797282,0.0570063373257397,0.0370685271977636
"3450",0.251321203848588,0.00378168197856568,0.294892179279092,1.01700342134391,0.0581386545080493,0.0147168278558269
"3451",0.261152748712017,0.00137524545973881,0.262660534597273,0.814883041036193,0.0626596853960332,-0.0335592238933159
"3452",0.278112743288674,0.00619898738235057,0.243670790082384,0.808486597050961,0.059295156987293,0.000680817670674861
"3453",0.318765245998211,0.000796567748734247,0.276747946398024,0.90380981116411,0.0603965739703195,0.00834971439524377
"3454",0.227301601849273,0.0094044368870648,0.29314400609384,1.06695065810763,0.0549154245548427,0.023976044162231
"3455",0.304380141380168,0.00208248812352397,0.276676055139833,0.804991039363107,0.0589407071295238,0.0207740502130089
"3456",0.262724884370926,0.00187295633920469,0.199503410664281,0.7233977829196,0.0656354680576793,0.0279648548917184
"3457",0.300572376415528,0.0028646556215497,0.158666160477646,0.804508205679933,0.0707327469962707,0.0243962081193447
"3458",0.2799228968949,0.00356794551317091,0.17366549333382,0.843370410534134,0.0693281657599702,0.0313655186458354
"3459",0.225208115528543,0.00011750808856315,0.195781786274308,0.737134189784516,0.0650749663497114,0.0404910617034153
"3460",0.227139928894169,0.00175754544687692,0.189796143720471,0.940497817017708,0.0625485431398585,0.028234361833705
"3461",0.308941078600166,0.00124276811095603,0.222475310247481,0.9541909794304,0.0646827617055132,0.0128514086032801
"3462",0.224602728814869,0.00380604206880795,0.198072795524015,1.00991204194959,0.0654555112914699,0.0069884149458526
"3463",0.314095901127602,0.00116409573270508,0.208034682162919,0.828261401655841,0.0654524503239128,0.0142310460134533
"3464",0.238816817018209,0.000378207265477243,0.213104733758402,0.893709855629398,0.0654684635686288,0.0418584731535888
"3465",0.189095239986715,0.00276476271219358,0.151693172685734,0.929813198906901,0.0641070360683516,-0.0211841725993357
"3466",0.295756609655543,0.00395966058209429,0.302975905773852,0.834617323053543,0.0546243336608988,0.0219715775517593
"3467",0.277033777541709,0.000531971499240238,0.232041427562476,0.869917491013843,0.0634107553688007,0.0339301003636186
"3468",0.282757307459617,0.00356948328535413,0.110895183590793,0.683068401199227,0.0771859079758448,0.0288216638116464
"3469",0.382797595762162,0.00885776851404788,0.169822221527754,0.857415456136403,0.0720138228829835,0.0110028942232005
"3470",0.411637066535979,0.00243085562272145,0.225993321165604,0.595128721693411,0.0629313224207365,-0.0188926639358167
"3471",0.272045201332287,0.00583834040209857,0.206795144137651,0.725058647246262,0.0623304038576228,0.0212796011401492
"3472",0.379982100103737,0.00103136934348769,0.283156926442986,0.822595090566671,0.0599967764477215,0.00296123962934059
"3473",0.321996532333003,0.0020788395216974,0.315066556472423,0.667887518006782,0.0589372065304346,-0.000226586234939617
"3474",0.247189439556614,0.000608597419859676,0.261407654623635,0.999947649645417,0.0600138515138711,0.0307546504347407
"3475",0.378094608510358,0.00378545894846437,0.233864198851001,0.863999749346592,0.0640504756311347,0.00246618567725016
"3476",0.305563609689847,0.00106958990224171,0.272333744181276,0.908148810605745,0.062971003766255,0.0171975434500737
"3477",0.226425529217336,0.0080101228966868,0.216319756416989,0.958984014513114,0.0628525276761611,0.0261240875223697
"3478",0.235045939595657,0.00304492078446129,0.260485980737217,0.954417145962525,0.0536535359877245,0.0385098904540834
"3479",0.347724525987642,0.00404311085376031,0.341635402999427,0.824010293767223,0.0552616132931818,0.0196982487321455
"3480",0.331591786083513,0.00291882949813808,0.230313094772054,0.860760597295394,0.0640144167038203,-0.0104794080201734
"3481",0.320693385380326,0.00184413452726454,0.170121376440215,0.766430808361399,0.0698062840195533,0.022050482306833
"3482",0.286588010994935,0.000982134933069683,0.254695962934083,0.930255600420208,0.0614956120292852,0.0168535773286676
"3483",0.27370391938158,0.000573666935835822,0.208227231779744,0.607402157938293,0.0639932866782676,0.010338312997003
"3484",0.269500803973629,0.00617925736696657,0.271169541411555,0.77374629887611,0.0554048807180306,0.0109834076275141
"3485",0.362931103071393,0.00433144666384767,0.414627962415979,0.938222096939876,0.05000978458334,-0.0129812792500825
"3486",0.282696897842499,0.00270158740174126,0.386840221948481,0.993715536958809,0.0526786997054808,0.0237294728320553
"3487",0.238143821455805,0.00550575196291112,0.429921992172879,1.29101299286992,0.0468284900176039,0.0301371118101547
"3488",0.223172934903389,0.00634772077070947,0.46638606531513,1.65835618706638,0.046372981070799,0.0284077877128463
"3489",0.273775737126466,0.000411155474660888,0.510355279667659,1.00211939554814,0.0456704786132645,0.0302911311607988
"3490",0.246218088123889,0.00283360703411814,0.332095939616331,1.01871729888543,0.051825107962171,0.022293099857218
"3491",0.357264020728695,0.000593720718690262,0.311102493470712,0.836392732897593,0.0588568981147986,0.0128925526606465
"3492",0.279640479203609,0.00111801129652967,0.280212799290156,0.998429739210611,0.0600273837598826,0.0436667392651127
"3493",0.201763518515458,0.00179417806649801,0.131518407641403,1.00406164604619,0.0716841882097431,0.0325691504012388
"3494",0.298954113629425,0.00520652302776809,0.140736185097375,0.686910688072855,0.0760834752728404,0.0310792979494712
"3495",0.294090632324948,0.00759164407150218,0.12186824762126,1.00636802900197,0.0772070084713622,0.0357463761243299
"3496",0.219186848854566,0.00682866925820114,0.127667760720594,0.827529575817903,0.0724729485113922,0.0382289468701248
"3497",0.262456675531082,0.00288263782121235,0.148591091899173,0.617164929570599,0.0708012145989508,0.0010997904162819
"3498",0.246501811362244,0.000142256459827518,0.161021904643377,0.779385695281596,0.0708137585994132,0.0307376320250445
"3499",0.283802617332134,0.00172039698536932,0.141684515221335,0.758386370996451,0.0741045884742313,-0.0259601387402138
"3500",0.295701947425572,0.00368814407063888,0.192584824686332,0.788450580032539,0.0652950128928784,0.0314811391738102
"3501",0.27481707930478,0.00176917085603012,0.239788896964645,1.05413533498947,0.0625469753279549,0.0135349351641359
"3502",0.345756588431165,0.00137942078239693,0.243389595737486,0.791271338637586,0.0641093631660083,0.003777235957636
"3503",0.37746033767693,0.00663157351993249,0.179747162444811,0.762226698892149,0.0710027480786753,-0.00894772875342614
"3504",0.332532732053015,0.00210194173993629,0.21055412421377,0.891584185748249,0.0662644074056808,0.0451076390154136
"3505",0.290839458838923,0.00112945529832801,0.191933246082817,0.962376780866452,0.0668886389905334,0.0104663749026199
"3506",0.273736488543925,0.00376024027539335,0.124359055210467,0.881869397098078,0.0744411710953674,0.048197603162739
"3507",0.316374188542429,0.000730033583724765,0.195038801956562,0.605000979984853,0.067121278785456,0.0189906905678242
"3508",0.303532796022223,0.000959594660779167,0.217023863711243,0.828669849940089,0.0651336234314566,0.00326777084730475
"3509",0.230070972659002,0.00636582287099747,0.179179356190845,1.07875395861604,0.0666209877843295,0.0133540819459913
"3510",0.342095870693238,0.00733818290058591,0.17693563438849,0.88717495629979,0.0701910528510401,0.0209175769569064
"3511",0.502135476936928,0.00492235451285564,0.16414771148738,0.632652091258106,0.0726836689461358,-0.0168648745087686
"3512",0.426391309177246,0.00691505136986495,0.177834950083625,0.639884068885166,0.0669695328924907,-0.00318549926178019
"3513",0.368414569399376,0.0016274879184736,0.284981842251083,0.695466780073555,0.0587165771354473,0.000156383797933193
"3514",0.288576755905767,0.00245037364182362,0.253930804320298,1.00376213750346,0.0603450771344025,0.0107978974352492
"3515",0.242936567684113,0.00168427654822305,0.216005142496052,0.991490775945011,0.0650905322467607,0.0152088287543701
"3516",0.333495094374543,0.000619275445045868,0.223445304064807,0.686947899662142,0.0652774817400664,-0.00211516745982697
"3517",0.198240436117758,0.000695605426489071,0.260660368625454,1.38944188244427,0.0578177486036691,0.0141425328302338
"3518",0.290439107012309,0.00160389340259324,0.248216626511357,1.08321877806027,0.0610120535909919,0.00536792138085589
"3519",0.287658060441444,0.00435128655127204,0.289465175861698,1.03006364089926,0.06040479804093,0.0277570937538298
"3520",0.236218599412763,0.000466126249459054,0.207531796655097,0.6632984997734,0.0666753322956116,0.0434724094599762
"3521",0.251098463327542,0.00612522368492538,0.140429282432752,0.818867961150118,0.0716425488571439,0.022118424183406
"3522",0.358952016202419,0.00955117226799944,0.155802624811426,0.780711345223632,0.0701844542643743,0.012287162297943
"3523",0.286944565598499,0.000696825000971394,0.137117522736573,0.923097867111102,0.0759282846867173,0.0144107338575376
"3524",0.232469752156246,0.00212511118169292,0.133363660951576,0.961421469868163,0.0778611139580499,0.0326892395986743
"3525",0.207094932776271,0.00404759861762816,0.0994895835026883,0.853780040928758,0.0766106720413142,0.0184899798315324
"3526",0.274936528936155,0.00547570553406017,0.0858163916579989,0.736082469912164,0.0809272793891874,0.0347929664786996
"3527",0.292748298393483,0.00344321372046507,0.117643085758066,0.68446171363188,0.073790066152212,0.0412380533724953
"3528",0.29875099623233,0.00289568760671747,0.188349689252302,0.818649797792129,0.0684136830965162,0.0329644112053565
"3529",0.350633921304006,0.00265541817051814,0.127225433166741,0.633060581744837,0.0778910595926331,0.0259880380261718
"3530",0.291315866427675,0.00702605607143314,0.109118503749232,0.526864102301914,0.0740422679908476,-0.00312365533196155
"3531",0.274335949466964,0.00445161532044594,0.10358276396093,0.83628672858255,0.0787101819233035,0.0477590835492152
"3532",0.312567035197803,0.00597745708774368,0.116450270630576,0.71556851194195,0.0709928594454707,0.00245724096827547
"3533",0.266779242098715,0.00852860284176724,0.165654607119734,1.10863797949257,0.0669198562563067,0.0303218059580338
"3534",0.25130526146986,0.000703631573333161,0.213590754327851,0.981173830260977,0.0660489680001105,0.0272689637259474
"3535",0.282989272827943,0.00213470399953633,0.208085299801324,0.750615433397603,0.0614756433064509,0.0127194894273322
"3536",0.293633836653846,0.0028518028383414,0.205625926551277,0.891415253022639,0.0691914299873586,0.017716579432808
"3537",0.372513763367191,0.00588567623887651,0.198819845022787,0.869558885933823,0.0681427406813776,0.0466163009668071
"3538",0.306800726524023,0.00814949760133773,0.116712873234246,0.553016884032485,0.0764492050500618,0.0067503782160759
"3539",0.294568661437544,0.0153655125480544,0.108622397655913,0.787262858307774,0.0780283668233254,0.0220236205427474
"3540",0.342702408588874,0.00453908212711908,0.117241357528509,0.67066392222024,0.0802975326956127,-0.00670502556623871
"3541",0.228629305383599,0.003741537525859,0.110570215824868,0.732194024607257,0.0741372110255661,0.0462339628802835
"3542",0.213201350245911,0.0101241610377897,0.121548420803414,1.12523758670195,0.0656207915598784,0.0410633807221394
"3543",0.167615743954754,0.00565593197132188,0.102471158213699,0.878383942385276,0.0787778786943236,0.0314863127609361
"3544",0.212364670587805,0.00697954766501271,0.10966511111184,0.84601098006023,0.0734394153141384,0.0480115445200976
"3545",0.240166923605064,0.00409967909083234,0.140845655260461,1.06430744300223,0.0702401008264093,-0.00197624536180271
"3546",0.281678765603037,0.00687047768144822,0.147486326819736,0.918952642090248,0.0728885051670648,0.0330871760473541
"3547",0.251372943781867,0.00166072445554598,0.139108115022489,0.852879551045362,0.0699858648048115,-0.0809999404794547
"3548",0.238378939308663,0.0012194315641862,0.185418793815817,0.972555296484558,0.065778152412993,0.0163366185745992
"3549",0.281193358971295,0.00123795042120128,0.17939163483306,0.731385943793608,0.0699256629776429,0.0118740836800502
"3550",0.286250366973022,0.00126129418028607,0.2108413064315,1.0493639735019,0.0651515750711971,0.0337509315784028
"3551",0.234980255059805,0.00116085179462368,0.156296775552253,0.897655093003197,0.0700910537975416,0.0139108290291644
"3552",0.227982616687674,0.00187656350672922,0.154506261369025,0.853783479639792,0.0730041807579076,-0.00774670204193504
"3553",0.350989897685802,0.00361940648181743,0.175853380044234,0.722526470461675,0.0709379477470043,0.00621406293821972
"3554",0.283034906988422,0.00083527639709974,0.183616707440666,0.836324614064606,0.0661532293953803,0.0253113924507546
"3555",0.214941207692026,0.00235974384799973,0.160730046544547,0.789546295111021,0.0649207307993462,0.0274359148196354
"3556",0.320626361856286,0.00265980135718557,0.192715390989787,0.860847236204768,0.0670780302058078,-0.0119156726660566
"3557",0.22271149330745,0.00138608240937753,0.123364751766281,0.855977036831489,0.076797357364961,0.00518930189529036
"3558",0.261576660149821,0.00741602342203869,0.132035395694531,0.968249328453954,0.0749908134027871,-0.00364951122878869
"3559",0.258631554466305,0.00329827855942945,0.183038033035247,0.784239065773891,0.0635039076528876,0.00258226331544652
"3560",0.321565610850726,0.000708315628334757,0.176190262550444,0.67905576049319,0.0717821402741983,0.0190803588300975
"3561",0.324116952594745,0.00982353351550786,0.168585303854697,0.820079672997748,0.0654831768699834,0.00975619712561089
"3562",0.294587097478891,0.00837409834358766,0.219963217135938,1.4722654833619,0.0614122000670795,0.0113364423528147
"3563",0.291888202640468,0.00266371105535334,0.220975552319096,0.845007706284707,0.0652651707209241,0.0165586462284249
"3564",0.350933347788492,0.00399674154486028,0.162298800941638,0.968721937073558,0.0677464756238527,0.00392366224044319
"3565",0.293670360146753,0.00708594134560833,0.163385571967037,1.06265680713281,0.0680946101399324,0.0175444177265215
"3566",0.334241541110504,0.00163677434184309,0.198057237503884,0.750323669667963,0.0677471874423423,0.0153544752655371
"3567",0.313273209323969,0.00298428745267313,0.151748592309957,0.735028054000114,0.0707654626141435,0.0231285531980385
"3568",0.317647363189099,0.01493823626088,0.22912979235919,0.976671351958867,0.0614245507007887,0.00990128645359482
"3569",0.322631185884063,0.0102022766382366,0.207279435882342,0.887526682860119,0.0626274053470154,-0.00218778171902039
"3570",0.284934520614049,0.00101343118896216,0.233919964505041,0.914326699753287,0.0625097943917109,0.0211062536554689
"3571",0.339194125820182,0.00689495467737255,0.191399798204524,0.940763148072414,0.0671292049719493,-0.0229779823378296
"3572",0.336181382899316,0.00324104089059546,0.199960326987888,0.796988207702422,0.0663629855973178,0.0116549521011709
"3573",0.287910697114241,0.00327562545933024,0.254746396044733,0.7331536955115,0.0616117707805992,0.0233724296165661
"3574",0.266474501042766,0.00125791665967857,0.219378639096578,0.967728599442562,0.062650859753132,0.015887380672653
"3575",0.270962549664718,0.00219107942803543,0.197037648250331,0.777970937605593,0.0658637167712285,0.0314444398244639
"3576",0.259466193700698,0.00208457733404778,0.183107805776957,0.880317059159207,0.0683640321353041,0.00734245673323401
"3577",0.2453971610052,0.00393346102455551,0.139066967748647,0.80989122173831,0.0700778878617329,0.0108770664625601
"3578",0.255825029559574,0.00501344800509934,0.157597651320326,0.856926022843085,0.0687891314698327,0.0378164365925009
"3579",0.422068113495632,0.00128424579262682,0.203068665407401,0.709958762738287,0.0669426403202927,0.00595165414627388
"3580",0.2700381830669,0.0110958690254506,0.132230323805527,1.14668805847662,0.0708278360786095,0.0258244840228415
"3581",0.262459822155395,0.0125911521397681,0.116999954448413,1.21382160561024,0.0764971056690655,0.021696936647068
"3582",0.265875160928779,0.00492655530845578,0.225081834340393,0.972191245894454,0.0637474747935245,-0.00882980801491037
"3583",0.359274416529971,0.00211486966955006,0.172777956910793,0.622922470744516,0.0682311668713163,0.0232624708121656
"3584",0.274275180935743,0.000834157545313688,0.186281781012105,0.691137405385512,0.0659268954737894,0.0136863690663403
"3585",0.250687513590365,0.000875097702500538,0.248787306595207,1.01678243157469,0.0607045605198824,0.0340827531314698
"3586",0.253206194595201,0.00116539331068511,0.187010565766737,0.687304113511859,0.0620471091922454,0.0332687442611165
"3587",0.349123756056292,0.0078601417927168,0.193352660992522,0.86281148918935,0.0654988220709505,-0.0103392805344305
"3588",0.296834720002977,0.00957025553119084,0.173559529853864,1.07753793868785,0.0641001719753195,0.0348460714304623
"3589",0.297904409381492,0.00627966483782399,0.134732048904529,0.852248869966878,0.0737839497710906,0.0185387752064269
"3590",0.243244670132521,0.00827953364101481,0.135856838892009,0.81296060481614,0.0736218726488773,0.031919469500672
"3591",0.359508547027725,0.00260844370860999,0.118559219075278,0.631344343940846,0.0770544468051036,0.0211064099396121
"3592",0.305286578265697,0.00516190628739492,0.124416124563026,0.683595277402252,0.0770796467664473,0.00410229252422234
"3593",0.331448258144008,0.00417734585717473,0.138836000511446,0.89321663251333,0.0776808905707402,0.0225369630676536
"3594",0.344398662358938,0.0116647467121466,0.124991113244585,0.701835203125731,0.0717431904910706,0.027116713338845
"3595",0.269786616459671,0.0104449116982547,0.142180329104459,1.1570821642089,0.0734593549487989,-0.0683161247870786
"3596",0.306234040361605,0.00376744181998923,0.113563972311455,0.822328493019522,0.0810860671755313,0.0339435498713351
"3597",0.303803163515136,0.00888960888652144,0.0929858906259095,0.864895243315151,0.0765211542278958,0.0271068806680489
"3598",0.215896554182823,0.00761989221630833,0.25546890184505,1.06658127688397,0.0598317980401562,0.0367990817655825
"3599",0.295951830642615,0.00930225103737358,0.209112152420925,0.940037421690442,0.0639645171469288,0.0430337992898071
"3600",0.300666854899127,0.00183645597149281,0.209429217245501,0.920667487645949,0.0633246238714465,0.00478658501128232
"3601",0.23253644633246,0.011477642881342,0.13264326006575,1.06976554214101,0.0702293517498916,0.0255195073942782
"3602",0.275078273553696,0.010767658411221,0.161834520036335,0.994632121577613,0.0689993644596565,0.0126061649361182
"3603",0.275284723140093,0.00243258454178148,0.153164060763159,0.654884236424131,0.0702021366860632,0.000697183897031684
"3604",0.222029692845099,0.00160270527919931,0.163569900091701,0.779038817241439,0.0693902724598794,-0.0457197524183363
"3605",0.231680628557351,0.0128441144477277,0.0901841039669239,0.789658119853147,0.0779898490611882,0.0112688485894821
"3606",0.300697670415841,0.00324230176739658,0.189979139598024,0.878851430468411,0.0673410480347251,0.00243565096957768
"3607",0.339245926933592,0.000499278948360194,0.210827504477645,0.591009951859226,0.062937139150567,0.0260091097753452
"3608",0.308530060349308,0.001603247405142,0.219230759354002,0.818024531866785,0.0621319191660509,0.0161633263725475
"3609",0.306255723578812,0.00200026149672251,0.215517315748561,0.790817833389075,0.0649936721730413,0.0299726008026604
"3610",0.239913466034803,0.00103044063362435,0.15372803592249,0.799203863170693,0.0685023274151167,0.0457172378324916
"3611",0.230810293933201,0.00051890422077579,0.152465642956581,0.733813473236818,0.0725157525865071,0.022589512905554
"3612",0.234343137883255,0.00594286412746003,0.162809421548776,0.778156437201166,0.0674898285158023,0.048710289288608
"3613",0.205737291295077,0.00187927042378357,0.229097862635883,1.1602975253161,0.0589781814408426,0.0200923937748991
"3614",0.25114981750545,0.00376133650500988,0.185532424912777,0.968760675476621,0.0635587558985827,0.0295569909520793
"3615",0.229687867091631,0.00044734322056775,0.24097222660621,0.932196314175089,0.0583376879484283,0.033531444161756
"3616",0.171813491131436,0.00426983985728324,0.258075741805095,1.13556548335453,0.056598086008421,0.0176690341189832
"3617",0.26164865809819,0.000791448063173363,0.173667949234926,1.15093016492604,0.0686710425280951,0.0254269540984212
"3618",0.365757593780037,0.00623444022411419,0.153419965997058,0.835225873520645,0.069354355120555,0.011713186868302
"3619",0.265550359379794,0.00116944965493228,0.131240727156926,0.936775046167596,0.0721889624378431,0.0291912125318397
"3620",0.263117711674618,0.00495230676123866,0.15577687655893,0.921839557613295,0.0705699618955045,0.0215822488074324
"3621",0.427238823007046,0.00157416465401279,0.175321598028875,0.592844781714074,0.0708939155645933,-0.0523186040037528
"3622",0.299064841531485,0.00310062387685412,0.156483098660766,0.741339058164278,0.0733190898586668,0.0242292836517234
"3623",0.242816094709895,0.00711707714266087,0.0985922827563814,1.11988306674949,0.0757995089773199,-0.00332183617952257
"3624",0.213086232349207,0.0110607152546782,0.129528471451531,0.808838738819135,0.0728631723947055,0.0445710721119806
"3625",0.282235906473799,0.00350312621419408,0.160260417564368,0.779108582712179,0.068342079691545,0.0362992027215015
"3626",0.291482475524225,0.00731415563541215,0.196155460198385,1.02676984043364,0.0629327718557968,0.0369000305775301
"3627",0.293277029413153,0.00092019177326571,0.243710908891617,0.890140082427656,0.0593434859787271,0.0402214525208238
"3628",0.249961282927857,0.00106407999990059,0.226797815100426,0.720769209290023,0.0623245266662426,0.0439124238536558
"3629",0.216563651873449,0.00083932771146979,0.191945232267417,0.919583980762379,0.0637371725711216,0.0265255185594137
"3630",0.312807698834998,0.0012158971008403,0.145277839379952,0.624385001684751,0.0738647525892963,0.0345668475806021
"3631",0.307528120273027,0.00116220387369504,0.163753476848952,0.61946830892837,0.0709137821800656,0.0153255272216897
"3632",0.30619017376818,0.00168828854005242,0.185294699786722,0.714689347080201,0.0639492211522709,0.0138655480676751
"3633",0.286353111351246,0.00170642601536907,0.161133111823447,0.675737071344476,0.0721767961674359,0.0398826885589149
"3634",0.235613842592147,0.00196071974571669,0.109632612798241,0.863805290044464,0.0793647442589972,0.0307005175017479
"3635",0.296588694771191,0.00318083605379321,0.131815063489878,0.69997908156674,0.0773343408028359,0.0149194474017286
"3636",0.186044453634396,0.00523140172110113,0.112733311460106,1.08752771359765,0.0730050585721639,0.0483077567767918
"3637",0.23037371707521,0.00102078889109227,0.14847712965861,0.717085699416712,0.070574277495385,0.0335134064874818
"3638",0.219074499269293,0.000380398048745896,0.146079049467553,0.854521142013907,0.0703676019421691,0.0255236381897664
"3639",0.168150028797165,0.00604381481787873,0.11495332836822,0.977316807188465,0.0788304104281087,0.0361360588732551
"3640",0.294005199958186,0.0102798276205348,0.0716553890694793,0.678989309457655,0.084048644400173,0.0353977754331901
"3641",0.30276282878286,0.000435067088721582,0.075609036803485,0.642208799218666,0.0925023131182708,0.0176946116356857
"3642",0.243299352265555,0.00635817848409215,0.101515420114156,0.819146763938134,0.0787858840113661,0.00520483856109337
"3643",0.280172439744332,0.0107936108576525,0.112907536924974,0.821138412531963,0.0760719209458492,0.022607163361445
"3644",0.231739870102097,0.0186782284421602,0.132027090956713,1.43009324181256,0.0706873820115221,0.0268819570728407
"3645",0.212998186865309,0.00466125153433359,0.14635460057798,0.903394123849054,0.0683609071924484,0.034138762534993
"3646",0.336291579836659,0.000298928340899365,0.201682521852204,0.632272399465003,0.0676177166636574,0.0022351493018429
"3647",0.34570795399469,0.00410680819767143,0.287185721415347,0.852310048800624,0.0596005704526422,0.0158244419942566
"3648",0.324444010463196,0.00035874785267355,0.320508801569488,0.921912259254299,0.0552939542662546,0.00659796369539655
"3649",0.253962842149429,0.00525425442167686,0.244825518757778,0.727141706192579,0.0634916486012219,0.00182968793478454
"3650",0.315423814742688,0.00134470766688627,0.231099669073468,0.630895971723387,0.0615495999590536,0.0234513772438562
"3651",0.374493430083621,0.0131082395580571,0.271833845960967,1.17362311665,0.0588129369006623,-0.00482176889166241
"3652",0.315076329306861,0.00156854022018155,0.303034164897822,0.805639684164811,0.0574526696991487,0.0109774972832671
"3653",0.338122755897682,0.00873504824825768,0.205031696976486,0.797362589391708,0.0643129089994405,0.00855811824927633
"3654",0.26806699608383,0.00544346290018177,0.24898940522806,0.798691872208795,0.0579550038909441,0.0266823962348901
"3655",0.33798479954725,0.00251156621318399,0.310055310571379,0.831385867280337,0.055681842717689,-0.000805343092332073
"3656",0.274230962782188,0.00867448929711404,0.267726909643271,1.19772651931857,0.0579694373341441,0.00532410266926399
"3657",0.258778408012035,0.000524580136956492,0.246583489275689,0.840494159421583,0.0636513131318286,0.0216675045783969
"3658",0.320585635434767,0.00244091965170684,0.227319408311874,0.916000245493061,0.0652903694953099,0.0262456394869105
"3659",0.302433820006434,0.0033475701387406,0.14678720622069,0.626302489848275,0.0697916613295568,0.0117511517348857
"3660",0.26725777465617,0.00350762973761443,0.166663993553631,0.84835461050219,0.0711387431088176,0.0194937398034121
"3661",0.265874351007371,0.00248247877063409,0.117648547172309,0.721888273116161,0.0788471833932166,0.0221017429712416
"3662",0.276026307114008,0.0125263847348405,0.0922394584035317,0.950464641070193,0.0797090006383545,0.0384377730768298
"3663",0.286136262340524,0.00997023425182677,0.0896734201991398,0.920319009682775,0.0836039263602087,0.0211320904612329
"3664",0.302391356575713,0.0120521162320702,0.124572909141094,0.852300736442832,0.0744839333733829,0.00643324297926267
"3665",0.249926028161361,0.0140853266032813,0.124546611655515,1.12846608431846,0.0689236352386274,0.0276529155585978
"3666",0.26464090631707,0.0143688287885939,0.12320741436206,0.897312868668814,0.0719015614064628,0.00993447753393283
"3667",0.284817992084913,0.011236984291214,0.144322042741278,1.07739014778915,0.0719915450684319,-0.0259023857655298
"3668",0.218333417136894,0.00243322118951675,0.14968001718591,0.967495134833716,0.0721934498343555,0.03691442900514
"3669",0.202330598755399,0.00742638143785278,0.201976055851461,1.08290990419075,0.0616132427836306,0.0158735155504838
"3670",0.203105978523185,0.00388724903929404,0.230453177912791,1.09663154842159,0.0586948838579641,0.0178733895491526
"3671",0.192555651657268,0.000894141140580292,0.151327371883361,0.909405589990672,0.0669276170151789,0.0147239694902192
"3672",0.218728785275011,0.00221834252102972,0.171611854729921,0.938269783206561,0.0701338208452956,0.0287449804714895
"3673",0.197701235172854,0.00338868646314583,0.179837550853657,1.06922736489455,0.0683795465634652,0.0254564797032522
"3674",0.363640653696394,0.00266485927810587,0.154713742126061,0.762636360761641,0.0760326957773475,0.0392646521074789
"3675",0.336287107914099,0.00147583240569892,0.178376971583134,0.704453020628794,0.0691980079721229,0.047391734471679
"3676",0.277904398500512,0.00127636993765116,0.213108719229785,0.926106576895483,0.0659938179852525,-0.0197688048518219
"3677",0.378172283008712,0.000980179889428489,0.235398443364322,0.712999851820979,0.0632960319153644,0.0112278619923906
"3678",0.319659493916227,0.00306590269240308,0.201379326597393,0.573513945752534,0.0679047265628001,0.0362852452294594
"3679",0.233242884067026,0.00212708243275358,0.184053343024577,1.01022869955259,0.0714175489771983,-0.0168348895161457
"3680",0.292025309198907,0.00185477722501023,0.201848783162392,0.835766309496965,0.0650743881289638,0.00757134310035166
"3681",0.236815534475396,0.00560759683371239,0.246051884239215,0.842113996774731,0.0591465129254017,0.0316777108365936
"3682",0.384297272008355,0.0018848485288201,0.228388092101669,0.56185716949489,0.0622150286019975,0.0210112928592789
"3683",0.328878908003806,0.000414106319374663,0.277193708915292,0.697488807673896,0.0600137997719632,0.0385957691271016
"3684",0.324693091940393,0.000638056892950777,0.228755153008001,0.764976202176125,0.0625330599880912,-0.00532024186842735
"3685",0.28769194685199,0.00135919741844463,0.251967812460815,0.728964431699435,0.0589485558514121,0.0328662728177451
"3686",0.329775505191753,0.000100760129725677,0.423745251904291,0.894191573450852,0.0513815163838493,0.00618633308804959
"3687",0.401121757524226,0.00358151078621231,0.311359605767567,0.840043656763204,0.0603706072736675,0.0126889457885085
"3688",0.297189854357285,0.00120215826964094,0.29415238613462,0.813001231092639,0.0554069729664965,0.0154787124217588
"3689",0.382332511203891,0.00109328883238548,0.292456415595599,0.674261622655881,0.0605569317215398,0.00653527076380486
"3690",0.300118801299671,0.00414414193618791,0.257314830885245,0.875225765890896,0.0615939571065833,0.0101601291737138
"3691",0.333714016317548,0.000777498375991373,0.218742170539861,0.916941748848578,0.0655233774167816,0.00167814574987527
"3692",0.252710476618538,0.00381676056511555,0.178675960570061,1.1855323545981,0.069784659164096,0.0237454453933884
"3693",0.22972224987819,0.000453765953002941,0.196875633683915,0.786513810807232,0.0635052915618756,-0.0108143345561896
"3694",0.216283625126837,0.00539055685046143,0.204521501001917,1.14862414614361,0.0611747844493884,0.0311483844742838
"3695",0.213131198654217,0.00228306311619739,0.222538666446602,0.989233025372851,0.0620787108617955,-0.0311936924891181
"3696",0.261069374076703,0.00116934442149191,0.208290148664303,0.913787052996552,0.064295660444015,0.0355323295650003
"3697",0.204661786981258,0.00563715348840078,0.189783944058439,1.03958783038105,0.0679798681658865,0.0323454974314293
"3698",0.236730634708556,0.00496705901435679,0.168260130993493,0.939699218529674,0.0672644835458679,-0.0318543539313706
"3699",0.215202861575753,0.00132195846547602,0.154578924695994,0.861031088794466,0.0706966001029346,0.0291737911766413
"3700",0.263152292760117,0.00739566250241784,0.167373826803497,0.984100103363382,0.0694261634703327,-0.0561249692358516
"3701",0.228723910614854,0.00797198038895022,0.153334876216058,1.00685967303038,0.0719895699064352,0.0309611004173826
"3702",0.241613830068761,0.000887422972025058,0.144510436936792,0.789699875251535,0.072047121554054,0.0434977663565285
"3703",0.302377422698809,0.00661699819009179,0.160300359999379,0.925297678247551,0.0686897270181735,0.0162516563380508
"3704",0.278296448771493,0.00558669020743457,0.19547615661381,1.10471275685366,0.0660232703030335,0.0275326229640177
"3705",0.251327422373668,0.00144424172009924,0.193433908805678,0.900180129333722,0.0646045363708674,0.03422954404315
"3706",0.256344648845238,0.0059787659566736,0.205854353265624,1.12950705490184,0.0621100703095555,0.0387168798489002
"3707",0.263949322105102,0.00805963036258516,0.186580658205622,0.920537461225503,0.068350777042403,-0.00327746843831263
"3708",0.23490980313623,0.00987785181641597,0.152371120397951,0.835591257946269,0.0689700168532883,0.0115156113445736
"3709",0.294305846257586,0.00354239673099651,0.230978460014615,0.850189777857718,0.0612814449168267,-0.0198145415855892
"3710",0.316713906850487,0.0012613683195125,0.242119347230702,0.867023277410779,0.0582146126994322,0.0420447409306387
"3711",0.259926589778262,0.000472606608104403,0.274929142698619,0.976785501962234,0.0555302124177594,0.0444674482640644
"3712",0.238901707878944,0.00203156925470321,0.221024633901221,0.836651425745067,0.0620159204176174,0.033011301076954
"3713",0.277144605636521,0.00320196553143616,0.15631528416844,0.87840244632232,0.0722217354552291,0.00739410487080829
"3714",0.2687601055074,0.00431224170676709,0.141040112481499,0.85697904847147,0.0731114099825631,-0.0715044444848937
"3715",0.29517014858734,0.0036193097814605,0.138867809891795,0.796097719719274,0.0703529218440147,0.0461313070402973
"3716",0.324191132495226,0.00441046341400497,0.173527449205234,0.764660975138241,0.067578921347997,0.0219902544629644
"3717",0.23364030394025,0.00435170270927487,0.19469003127871,0.863993669908452,0.0642108248628701,0.0232570737651897
"3718",0.339763735363467,0.00746920048017531,0.147260575822682,0.664235497205828,0.0717161988175918,0.0304844109701395
"3719",0.301772456496319,0.01076300059157,0.164917666772959,0.960533177305185,0.0695025529136496,0.0243736338288962
"3720",0.330074888381317,0.00733008416524307,0.0999318583808667,0.762368280105263,0.0781015564425073,0.0336913885192103
"3721",0.300948660823725,0.00826822157689986,0.0870141163016212,0.6943982879969,0.0839948551705388,0.0170753000026863
"3722",0.219087918468624,0.0174146188725619,0.0783322652439654,1.1678014051472,0.0840095305726039,0.0243880735159437
"3723",0.192917992003311,0.0101572174927616,0.0477385058246106,1.00232849088811,0.0954329599921476,0.00663000181369839
"3724",0.276517337845801,0.00998482263718871,0.0606231714860001,0.877181778914124,0.0868015559484837,0.012641859190752
"3725",0.318999047373753,0.00390387582543664,0.168008154652383,0.672873460300526,0.0688445191440256,-0.00184140434254804
"3726",0.222277847893961,0.00135837106926126,0.206117947622064,1.0264621929148,0.0630789815613343,0.0306694447191552
"3727",0.394701675129026,0.00191917624485574,0.311371248543359,0.798457831403037,0.0587692218860208,0.0166519657422671
"3728",0.316842147616654,0.000949053016234194,0.209361522776761,0.919487879368526,0.0666487131867315,0.0322050982315123
"3729",0.304069134627547,0.003967265901896,0.145127507480624,0.69827002695576,0.0750800586586606,1.80862112532099e-05
"3730",0.267483391856089,0.00706140168437521,0.0934596411356387,0.623510289758868,0.0836661882004931,0.0245818354400998
"3731",0.333798136038754,0.00418378278988816,0.128309165457492,0.591401894481565,0.0744572817958604,0.0230905726446712
"3732",0.307607142450419,0.0107952151220521,0.139816899817461,0.965572752699934,0.0709910442638303,0.0209217800556774
"3733",0.424743708967507,0.00596477471156219,0.209648865373531,0.772426898753853,0.065394971769098,0.0028896456257624
"3734",0.388291815435839,0.000996571427332405,0.255216663228366,0.802103417213703,0.0649365200672445,0.0131003820691651
"3735",0.358443102585894,0.00863819248911454,0.195464626999042,1.13351986211455,0.068543853578545,0.0045408477525594
"3736",0.435794829767672,0.0104066491938243,0.166292348109318,0.937220353073201,0.0707590595127804,0.0258972454446638
"3737",0.249281922367565,0.00614996549909461,0.122082331981887,1.20024261905572,0.0735790094751554,0.047040674210638
"3738",0.233062975261533,0.00193290619377741,0.169304199745959,0.851669022078019,0.0688149522062762,0.0428246747750785
"3739",0.354055088462011,0.00276025211788942,0.232434685431021,0.78463244060222,0.063475270387034,0.000840561081357379
"3740",0.384332935128744,0.000236855096014963,0.238958493725885,0.775001439430274,0.0664753146233651,0.0256891344041749
"3741",0.283976788462637,0.00133497070869752,0.253950004084929,0.98200447394052,0.0631297904073715,0.0116888922096604
"3742",0.28990881100425,0.00259145442901097,0.128824955365454,0.72559191842196,0.078046668066856,-0.0155215957085003
"3743",0.366035334258073,0.00151780418236703,0.162305459105783,0.697795666461682,0.0693908853374064,-0.026951367934833
"3744",0.392569018986505,0.000555826782403989,0.300467417459742,0.676286744109017,0.0620800673965149,0.0177988056621219
"3745",0.43716203135845,0.00985803088753319,0.279276430729932,0.664342836755093,0.0583982756364532,-0.00842321298514754
"3746",0.271410141449593,0.0042480484653227,0.214597599713626,0.83199867655356,0.0625828922377457,0.0139262771461878
"3747",0.376958473078906,0.00066688623609852,0.203025406218874,0.695535090084219,0.0634789562378626,0.0369917772712696
"3748",0.274664710513202,0.00143083665997217,0.276921817051825,0.891592670284355,0.0570264326746595,0.0122494273619562
"3749",0.27670287188369,0.00285134605790272,0.157971482356932,0.626122236235433,0.0692310302559444,0.0345061440113615
"3750",0.315676986909673,0.00749170725848219,0.146912167414151,0.742081370270672,0.0680082720128372,0.0246968601564905
"3751",0.293349165126197,0.00291246616382859,0.191226355496925,0.949646596663602,0.0647300515647039,0.0333866416591484
"3752",0.281856062162291,0.00391623217328353,0.199142839184803,0.729191317589819,0.0653072281273812,0.0164600096168905
"3753",0.308100641010883,0.00958773385124302,0.166849126722346,0.720083653548928,0.069050201470869,0.020926625083409
"3754",0.365331591464894,0.00114204614732272,0.132327885909984,0.577435679638009,0.0765706004748909,0.0303962560010815
"3755",0.326802893049202,0.00453955920970769,0.178222945017615,0.904184677540029,0.0653281246042902,0.0113670050968545
"3756",0.23223202290547,0.00745089934694195,0.333127358372235,1.40850487467881,0.050588773656782,0.0216823612397612
"3757",0.274395921438184,0.000170835666371212,0.431865651365202,1.22543527583838,0.050041077217868,0.0186581192759613
"3758",0.199878278504295,0.00229389639616205,0.298947926374817,0.919597520429792,0.0544874990095954,0.03779831058434
"3759",0.254921621542036,0.00101800219294632,0.355700470251712,0.934095679634343,0.052213108789155,0.0286738735966558
"3760",0.244560736242697,0.00185003355089103,0.39195983739645,0.945299539071111,0.0490766899537151,0.0358073104443127
"3761",0.44674551752375,0.000643203707739933,0.385955046320865,0.85724664549969,0.0542069373104087,0.0418921129524297
"3762",0.20585070120699,0.00483415549386131,0.444727372377433,1.66411407166294,0.0462306409903637,0.0275399515141903
"3763",0.206088184839954,0.00357455555042287,0.374763249539369,1.43102199423799,0.0485471194350494,0.0299476276275362
"3764",0.244307234110367,0.000636930628838977,0.300052513020135,0.859787367770927,0.0568532877138369,0.0156852077119083
"3765",0.255008226913624,0.00372765244554941,0.15303340562842,1.03619818057521,0.0690441156492176,0.0475625108702146
"3766",0.221856553613765,0.00240780020491717,0.241751646865453,0.801039966604126,0.0561357462348863,0.0471910307452173
"3767",0.282883792507272,0.00596477660556192,0.277955721612839,0.938548093245652,0.057733427655591,0.0204253869803308
"3768",0.24609212632532,0.00529332792688535,0.295836443587175,1.07649358494758,0.0545874839076022,0.0275177504010541
"3769",0.368685292098376,0.00251342874051962,0.267018548158912,0.76057386565018,0.0631114343119385,-0.01429043034178
"3770",0.337223539880882,0.00777723679960737,0.23349471687019,0.768807870401886,0.0646359440473114,0.0145810919784827
"3771",0.319057134700567,0.00055065642050485,0.255260205736337,0.74127235775556,0.0603818506903204,0.0167071774211425
"3772",0.354247470927592,0.00819295893908466,0.4065680917296,0.8468545756403,0.0534589594760742,-0.00504966757253029
"3773",0.379961690557338,0.00546443125361599,0.379971281064519,0.778102274788194,0.0527691026477305,-0.00777502337654012
"3774",0.322426964019334,0.00167383880380888,0.30785794583795,0.744297616772685,0.0583145752808498,0.0113199093625247
"3775",0.420985300979556,0.00121662963049234,0.282435840566342,0.512841585025037,0.0588251471458966,0.0108220222174316
"3776",0.273211432586181,0.0024526070158096,0.235419035221177,0.764369905407061,0.0598488408476124,0.031072509301376
"3777",0.225363902193563,0.00422099560774831,0.165055652840403,0.982012135519506,0.0659517481677295,0.0454329819460786
"3778",0.322587474306646,0.00283820837488884,0.152004722152402,0.613926817553367,0.0722942088138886,-0.00154136358189016
"3779",0.336673134038637,0.00674025580009212,0.196511217722236,0.903811469679762,0.0659964841798235,-0.00815442457365394
"3780",0.323925171827993,0.0065659815677102,0.152853574779763,0.870548169665601,0.0725950186951518,0.0232563062458191
"3781",0.363202718917284,0.00179839755689392,0.167621148727952,0.675613603011135,0.0730901102843942,0.0206520576162808
"3782",0.236166995463586,0.00900607902252618,0.108871716570524,1.27029806487353,0.0773133145326494,0.0329518334995766
"3783",0.283972909707017,0.00708035492314474,0.125724956454221,0.879518881390447,0.0751225829191421,0.023273514550469
"3784",0.299176926837685,0.00633340636931107,0.10320500559282,0.683776229198044,0.0790597498687529,0.0312236521726514
"3785",0.254731855420971,0.00663378732938744,0.122371579585933,0.754048083572388,0.0737850726351067,0.0229529538774235
"3786",0.350321535938719,0.00745618326313747,0.148832720177172,0.743268975338003,0.0700916437994042,0.0230760575313129
"3787",0.366920252433277,0.00483000467817226,0.204744929767232,0.70339254789428,0.0604174530055348,0.0305346970947335
"3788",0.263484588917146,0.00329462915228292,0.247159604835868,0.830914224405423,0.0576002815403539,0.00403884185393553
"3789",0.285628945419616,0.0044267257820902,0.323178339590924,1.03573710697497,0.0525463125117645,-0.0506372160236689
"3790",0.427815421375885,0.00621672857381536,0.296005123088823,0.8103850973208,0.0592289358975006,-0.00670759378167924
"3791",0.421248408693083,0.00553495046544754,0.361035398592001,0.817232947298055,0.0500170819882439,-0.00951715513792657
"3792",0.406212638906104,0.000542126155078414,0.484267850054526,0.591492048980658,0.0486512300860384,0.0264567222789593
"3793",0.328768165706616,0.000230232529773961,0.307959933160689,0.858557748557059,0.0556174596142255,0.00636626997768738
"3794",0.415863699789644,0.00470385082626769,0.354199912874696,0.880831549331849,0.0542171049513309,0.0277054611224894
"3795",0.358871111636398,0.00465364829792257,0.362522496803672,0.814266566422148,0.0517306354066938,-0.000369493236860662
"3796",0.341280990170822,0.00213814884956235,0.550013262356843,0.902192728907377,0.0481654012274342,0.00757086117237473
"3797",0.358855633173457,0.000599223477306457,0.485423216390241,0.775731256169215,0.0479003338637359,0.0269433682179101
"3798",0.339510842915526,0.000335827096858827,0.450660855218737,0.995971442813803,0.0523495955782447,0.00195204047258568
"3799",0.380837378481037,0.000405989955170314,0.487893386053413,1.00889499271925,0.0506716035972255,0.0224189855275278
"3800",0.291566929957279,0.000543491974343967,0.407849754836375,1.09449721088661,0.0478016252545802,-0.0331095040547361
"3801",0.347680008351966,0.00151048191783213,0.330873707360658,0.7133160118881,0.0586193787779558,0.00433140143642799
"3802",0.304908437511648,0.00396307656896792,0.300080696063033,0.866857634537923,0.057111197095482,0.000105163911998309
"3803",0.437073927135278,0.000630932899092914,0.272713733473425,0.708296573756184,0.0634005016452916,0.00648861269880947
"3804",0.292452079359065,0.00503000490394185,0.245512319755483,1.11440662330966,0.0653975329908862,-0.0171863260677277
"3805",0.287112327979116,0.00359922259347636,0.214249650334639,0.816910754607991,0.0673562707129279,0.00302522862412921
"3806",0.380248098811208,0.00639557946633232,0.215919679013404,0.820058716361451,0.062775222909208,0.01207327133145
"3807",0.229113886229111,0.00207554199959372,0.265766357959398,0.988752707725557,0.0584097550858411,0.0326884154413428
"3808",0.297297608382815,0.00306031062639073,0.230527211379626,0.927655005520546,0.0646802168454624,0.0164584815060216
"3809",0.296603118884661,0.000491822336879823,0.200310617139468,0.923525676162188,0.066394215688316,0.0232125107885427
"3810",0.251089866599146,0.00537459539161474,0.195785407531091,0.956125878867628,0.0636329399095827,0.0226993866939138
"3811",0.319642680676501,0.00220204961304568,0.203093729830742,0.673589110638391,0.0682030833230359,0.0129941587023401
"3812",0.361944175115597,0.00507561291102709,0.144814629212081,0.626757744099056,0.0718334761922325,0.00873241338702123
"3813",0.2791860860109,0.00485346680816499,0.125579085479883,0.781298157212981,0.0729450166579846,0.0180105413373417
"3814",0.274742488498696,0.00391934415007768,0.150197126729821,0.729591856971014,0.0711961211472176,0.029339109068467
"3815",0.220231168183049,0.00476808887084597,0.107497622759607,0.609623055078316,0.0790326572596466,0.0197670830914051
"3816",0.315565397877075,0.00774153721978502,0.147542413840458,1.0067346230784,0.070147716296553,0.0024720081448968
"3817",0.304863982351315,0.00463502951454703,0.277824522319092,0.83977388157045,0.0595668894210179,-0.00613108023664701
"3818",0.270394220945485,0.000608628511999284,0.239884043110536,0.91874588376456,0.0596297036940622,0.0317214364297168
"3819",0.293475356404777,0.00525692417725622,0.141422480984406,0.904952695981516,0.0735942650963495,0.00967038571907472
"3820",0.280085768357618,0.00323777245905741,0.1149149797454,0.629002669810745,0.0776762096343613,0.028583581899842
"3821",0.288071580790998,0.000908044095572727,0.137700408515876,0.73323966249306,0.0763948965345494,0.0377207081510594
"3822",0.323452615410939,0.0080068683910341,0.120655770890629,0.772836254364319,0.0773762116869136,0.0292649779415816
"3823",0.293958589797792,0.00995460157812275,0.163378116025815,0.982342226772978,0.0660580203781246,0.0177173158424982
"3824",0.280331769143267,0.015156827456482,0.199163833548035,0.922857784580537,0.061026672251196,0.0211305013421064
"3825",0.299095601348558,0.00269987492456011,0.225074722948837,0.742554006255802,0.0610026245202061,-0.00827740338316744
"3826",0.262815705634029,0.00712261159919648,0.181241564501881,0.90653680946738,0.0624478071058356,0.0170213428653144
"3827",0.321850764759483,0.009941132593079,0.145858815796393,0.953415625914112,0.0703170908336233,0.0225006021692485
"3828",0.333000100335284,0.0057044446736381,0.117087866141265,0.750746738394615,0.0783777731503272,0.0223195892287976
"3829",0.303192956572985,0.00929282563133226,0.073386073037947,0.702771589816636,0.0870467080334713,-0.00521877455724044
"3830",0.395781904526977,0.00874666142510494,0.140044414612397,0.600966370095371,0.0709963584958059,-0.0021760890311812
"3831",0.255399571509089,0.00412668744043392,0.150988508152061,1.04114093952874,0.0723273185975024,0.0486841945602768
"3832",0.307710962294573,0.00606045787681567,0.148626842741242,0.767338128245666,0.0722036326116876,-0.00222157147324814
"3833",0.278043103066784,0.0178475285189879,0.0891649592973629,1.15810648081904,0.0792651345830957,0.0171560925858852
"3834",0.287892609651355,0.0111184388380403,0.185955939144878,0.919816741868895,0.0642188076374792,0.00559096772433428
"3835",0.389518746646622,0.00313619152015845,0.220650310244496,0.77757669451132,0.0640317607639626,0.00326675203721081
"3836",0.242098978024216,0.00238216853491568,0.288313275381054,0.817597879166354,0.0568377399426184,0.0110295975363233
"3837",0.331957194126038,0.00111164785307989,0.288177177450064,0.710094087542455,0.0598232455700153,0.0020941986909889
"3838",0.283628861334787,0.00407673009849827,0.221559249459713,0.812547702702101,0.0629338055642871,-0.00555956858759569
"3839",0.257616142776935,0.00496188745666342,0.272244374891551,1.18202778043898,0.0610704557105097,-0.00118915780810553
"3840",0.373297945046013,0.00416047924092614,0.256759033839963,0.722964506824056,0.0587542507183725,0.0402864728227478
"3841",0.352604691864543,0.00295134750364053,0.200797752602185,0.775270635280698,0.0639996251593175,0.0170180616525103
"3842",0.40012532019077,0.00331695082262318,0.309288866657032,0.618902476924922,0.0589440987460173,0.0104410715634661
"3843",0.464061504193389,0.00482305037046337,0.309185012667042,0.580855690180789,0.0578200412177116,-0.0136877163862533
"3844",0.364887682848426,0.00502521574909783,0.266184363238924,0.856000387911665,0.0613421627394758,0.00865341626702298
"3845",0.321815087531439,0.00220524234822614,0.264829880676916,0.621252180775655,0.0584099559832251,0.0112488728390265
"3846",0.318383005325177,0.0059316108347748,0.295416207639287,0.960577862509421,0.0551433896652671,0.0437370056047482
"3847",0.319238533013828,0.00743909393849207,0.317233187605708,0.784752896818108,0.0577838192003415,0.00527505351019719
"3848",0.188272211589685,0.0032235130003976,0.213044605096859,1.09752674110391,0.0612347788468992,0.0328899479826782
"3849",0.233752808967512,0.0033890046299233,0.188619288394336,0.876337354050408,0.0651271501268429,0.0239477185134966
"3850",0.222850944948786,0.00149322332039091,0.255552966360876,1.15236336807495,0.0592303494295512,0.0470995203292574
"3851",0.316396219963018,0.00535653248434081,0.171451785465103,0.762848154399253,0.0717941634756115,0.0241074981333158
"3852",0.243854326654666,0.00275123787697759,0.217341276852118,0.924890288057939,0.0659545396293319,-0.00453970875223706
"3853",0.274279388780266,0.000349697883268695,0.200585986211512,0.77036743015198,0.0643219059452571,-0.0111342852871871
"3854",0.309084485048172,0.00616924447905139,0.135471525402497,0.842300862841594,0.071710381153369,0.0227920487105112
"3855",0.269866188165024,0.00338902902052071,0.203338947882972,0.821938100305015,0.0589630624081628,0.0293192989962306
"3856",0.223411773419218,0.00155433529938333,0.229460102411485,0.877863366944953,0.0617546547763687,0.0344973065054142
"3857",0.184929868854327,0.00954802369343005,0.130754273581243,1.29751218800826,0.0666897345443169,0.0275826241124324
"3858",0.248836030507795,0.00147015046827165,0.198009748720667,0.99803946074013,0.0634157292207365,0.0334869043124149
"3859",0.225068081955659,0.001506689932661,0.328629695978956,1.12627322906478,0.0530542615331473,0.00728708002106769
"3860",0.230132954959422,0.00203470337238393,0.260718471012475,1.05737053122948,0.0573924263788232,0.0193934574643249
"3861",0.285616714769382,0.00525140643304146,0.202206556959153,0.764730700702804,0.0694251473235989,0.0100100889209448
"3862",0.269737067691568,0.000301381040316305,0.248218737128555,0.722237742994957,0.0617262058300446,0.0455875500471187
"3863",0.288359503974218,0.00186693514169072,0.142445357794938,0.774587610864137,0.0730839399244444,0.0361953526464552
"3864",0.291608777992782,0.0013417535295355,0.169412912801849,0.78907378830167,0.0691399450607259,0.0465800576627505
"3865",0.310361231216257,0.00505035559640369,0.2468204708183,0.988465577313422,0.0618597630503391,0.0130813560270545
"3866",0.33987787002513,0.00720919944824178,0.281396778159487,0.848063042707055,0.062024661258297,0.0242013885858363
"3867",0.361316548740679,0.000309075964238624,0.296515578959887,0.480538797201626,0.0570706854832815,0.0398262366594738
"3868",0.294366024958763,0.00188426660234397,0.323137271782255,0.804981164602898,0.052922852124084,0.0011672393309872
"3869",0.316828294586453,0.000286107116767107,0.342810482405284,1.11924679661832,0.0563287392392995,0.023288892961384
"3870",0.278329550704786,0.00571435502520286,0.330753694088148,0.902467083533658,0.0459962169225489,-0.0105795603385426
"3871",0.191392034348011,0.00246661294459178,0.348952198641635,1.33363985503867,0.0544156700009985,0.0397914586252728
"3872",0.246558894061762,0.00245179197965864,0.314876529783703,0.8164108329091,0.0559036196848935,0.0345515258025621
"3873",0.226465395359684,0.00273852877449338,0.276204860920157,0.955794099596307,0.0556195502888377,0.0201000120009837
"3874",0.391366131266467,0.00212826632307539,0.281185947619316,0.93397057083523,0.0636561938451467,-0.00267107428338859
"3875",0.319148730449239,0.00264516320367411,0.304128291672634,0.964734415312503,0.0565008226230688,0.00443618582311802
"3876",0.266231978011304,0.00262024558772783,0.249216389564632,0.788404333167923,0.0582451040311267,0.00890217272628286
"3877",0.30354362057863,0.00321633412487346,0.28770390959656,0.768770979777479,0.0556831964850675,0.0106276019851715
"3878",0.258749051230653,0.00199140135320477,0.184576173618771,0.706109647991902,0.0651529607547481,0.0350762981256978
"3879",0.203974719668012,0.0134050096795924,0.137442107047367,1.22325654017237,0.0687983731324664,0.027880235665422
"3880",0.274727948723952,0.00969391628119666,0.221956005493665,1.0088582180029,0.0609748221688403,0.0130372212191709
"3881",0.225795186257344,0.00239851991597693,0.261311390890208,0.877177229469652,0.0568941225681153,-0.0127030689331427
"3882",0.451672106285837,0.00158174890705059,0.261909030339318,0.722449996729422,0.0619208589106852,0.00211171459582995
"3883",0.306535576181714,0.0117764030570033,0.169894748817594,0.56166646722319,0.0695326688920677,0.0121180454201736
"3884",0.26307108909217,0.00081571899513905,0.248592405819463,0.87357675380244,0.0644010259279035,0.0116994814048633
"3885",0.378409877860252,0.00388377529142222,0.190688014930991,0.814989771567183,0.0672409837792146,2.07184325987375e-05
"3886",0.184304649510574,0.00310386784705626,0.179783427870831,0.982530292048356,0.0634419986632572,0.049902083141811
"3887",0.204699824541359,0.00278171804805605,0.18838847344873,0.856553117833176,0.0676975414321314,0.0454285817479287
"3888",0.212619861690824,0.00701508032460336,0.176735116792604,1.32542149317028,0.0688897600165469,0.00550981242428791
"3889",0.234121443963914,0.00277142638717255,0.153130942273556,1.19432909387124,0.0721741783551878,0.0279770006481591
"3890",0.247431828794568,0.00453329944352094,0.159075548187126,0.802853050582081,0.0691919793502812,-0.0041882695563435
"3891",0.292458007744139,0.00157210274179549,0.168539202077137,0.730595567158245,0.0710398732063174,0.0153518976774266
"3892",0.212228064211424,0.00394955510978493,0.170250032926689,1.29786253143323,0.0685686766700066,0.0182896522085789
"3893",0.267454427959531,0.000289504391077816,0.182098610731488,0.786860554479764,0.0679604145535112,0.0266629341635067
"3894",0.221797389189581,0.000579877064463536,0.148970767827751,0.674265911921887,0.0711585439778388,0.0343294249023344
"3895",0.183547466762429,0.00161903704272919,0.176727635920431,1.03538257026695,0.0660449356665382,0.0349261602279222
"3896",0.237850963535924,0.00141714586984677,0.126954226117417,0.593460292789367,0.0726643395302665,-0.0210636339870428
"3897",0.248228198371708,0.000395055029823264,0.189195668301059,0.830040519302642,0.06516621483994,0.0302802681034802
"3898",0.351885089463262,0.00557696056267555,0.120539705507422,0.720680932418338,0.0764317035771596,-0.0075808010374946
"3899",0.334232388928555,0.00659353888407012,0.10666071312377,0.693140880198352,0.0770370742885912,-0.00620864546649275
"3900",0.221936011565424,0.00395287996955378,0.14346514965146,0.722285566568022,0.07295410769838,0.023226635140094
"3901",0.222912393599719,0.00403570631614373,0.230133281840951,1.10512047436384,0.0609905903746489,0.0359714975635992
"3902",0.224564715885142,0.00434015286860971,0.141920550318011,1.00175248686163,0.0752328532985667,0.043974960784031
"3903",0.243241321878049,0.00340300411882439,0.109710590584928,0.831005678914707,0.0775763797303527,0.0399322595753302
"3904",0.234835491917334,0.00505153554234447,0.087403282621303,0.964952498699729,0.0845978543081323,0.0162486674515781
"3905",0.275185631532973,0.00179355552106055,0.148106072575705,0.8955644170271,0.073509753078982,0.0163714980854658
"3906",0.30743037339662,0.00660108954632589,0.105737750824577,0.796704609352171,0.0797813577193649,0.0218351897016753
"3907",0.223959207050811,0.00462651668344077,0.120977971810421,0.912905683159328,0.0744626812842827,0.0291973221597078
"3908",0.261031673071907,0.00841516510352385,0.129403545506721,0.950620612847705,0.0707086872894021,0.0103626961815047
"3909",0.357402942568525,0.00777449608254423,0.258801510895852,0.912058225658917,0.0597164103758217,0.0209746537961016
"3910",0.394662959295896,0.00167912729702501,0.255350074436406,0.69120739260366,0.0628306986118209,-0.00929542045164016
"3911",0.25700330681612,0.000512197605656537,0.255954141812958,1.04274969380293,0.0601026725774845,0.0156971510970454
"3912",0.311327398180028,0.00156861856410313,0.261153237509822,0.842134296287283,0.0614314319067222,-0.00100788419197097
"3913",0.347690539532419,0.000508615224312078,0.336324660136209,0.648501936014919,0.0552415977335563,0.0192071616937495
"3914",0.495188909735085,0.000364925394108595,0.396336137119151,0.658997333777786,0.0545464229157987,-0.0075431120665497
"3915",0.328780977264537,0.000499269384651231,0.302726439431502,0.754001112405111,0.0555373787214238,0.0136414925842631
"3916",0.291199413549019,0.000507104587685411,0.302901254893338,0.854296463180856,0.0560365681491796,0.0010692696580494
"3917",0.287690776904231,0.000403154009191067,0.282969766649526,0.821925364653501,0.0561451582638501,0.0135202910037898
"3918",0.195918691993463,0.0030639076687721,0.215879592848873,1.35658014395849,0.0678456862341272,0.0370994177041623
"3919",0.288960110639201,0.00162910890441422,0.155133047211429,0.913684165722602,0.0712332634601847,0.0447396163092966
"3920",0.287586780893186,0.00913416385739976,0.11956972737267,0.864635073077063,0.0712674825801989,0.0164319140635266
"3921",0.18030223521414,0.00814345090013434,0.107536910104917,1.19506075927869,0.0741621694304185,0.0471920247360127
"3922",0.259473978721888,0.00768169244907844,0.118901166421512,1.13326506926173,0.072892351947436,0.0247999822917172
"3923",0.236621960693468,0.00342989349188699,0.169808883630854,0.859141646365377,0.0720884280277846,0.0285005633168567
"3924",0.188719754154904,0.00355181624274505,0.150642943278362,0.901162855959844,0.0698716100440314,0.025491761453949
"3925",0.222022096885819,0.00367393594284618,0.154573132085754,0.638869046967999,0.0697805962500876,0.0268836405296688
"3926",0.269377655108309,0.000356831099928263,0.129662555319671,0.665771303360112,0.0754062476306796,-0.0127069112595365
"3927",0.296870249556941,0.00584478383315813,0.105079291111779,0.847491679475875,0.0798779072415541,-0.0128939426871492
"3928",0.275597947783308,0.0106260942985628,0.099953562110487,1.05428745002942,0.0850219787862806,0.036340185032094
"3929",0.233587261426611,0.00348992932022958,0.114034422778488,0.734670529785442,0.0738199702072344,0.0155889408069203
"3930",0.284116834491443,0.00412655069938395,0.15798692989325,0.770319916071597,0.0710352209045452,0.0281595447195206
"3931",0.226166771354355,0.00970884376463942,0.100644345514289,0.884265150610732,0.0798045080595828,0.0118314768566854
"3932",0.233421111452506,0.00684768334034602,0.116241961350202,0.863186565384607,0.0756822886540053,0.0347655176972917
"3933",0.284527989295391,0.000321522430086008,0.21602897332601,0.790952483912876,0.0651329622942028,0.0282379988379132
"3934",0.283468306239134,0.00218272252056059,0.205162967653127,0.811857764403204,0.0645722397833094,-0.000181050349177567
"3935",0.226279940230925,0.00579673275920466,0.139088929550197,0.742438076876633,0.0643112059611263,0.0154914495690277
"3936",0.290360095154775,0.00126000683098138,0.223263619101305,0.851851339622888,0.062303879852707,0.0398756800790208
"3937",0.213558289019215,0.0060241738906268,0.197966312670842,1.33117217449578,0.0627495846565132,0.0255754203320804
"3938",0.156278710879648,0.000909847704773486,0.232823921118388,1.28937357159465,0.0589588140809527,0.0208096961320235
"3939",0.283078558709338,0.00263022851174164,0.234086266129499,1.09729588044939,0.0656647469865425,0.0234656251699903
"3940",0.329935902231725,0.000338481728785165,0.213687329680126,0.731390927176518,0.0619806450892226,-0.00170080501661098
"3941",0.312426449705154,0.00509273024022737,0.194809061858695,0.68906739653416,0.061753202319116,0.0309068082090863
"3942",0.263156467533395,0.00425377947745655,0.247698530870154,0.768133982075591,0.0588857561679281,0.0253915276955004
"3943",0.260007960692063,0.00121107657702156,0.200692268748465,0.890630544210478,0.0638007799170858,0.0293322635868732
"3944",0.305159121325036,0.0030877271201205,0.135452122788287,0.872897668819482,0.0749910542472681,0.0227116502279265
"3945",0.257188559657407,0.0183452998420211,0.122640910118913,0.951241734986293,0.0699407819573354,0.0157792410849898
"3946",0.248400008521276,0.00504750395518449,0.152421625796671,0.900762132043569,0.0721871915192002,-0.0974892303808111
"3947",0.276169963899747,0.000912288414358932,0.175717108361081,0.772361062652642,0.0685657421291489,0.0240363018739887
"3948",0.183164014548521,0.003483330603855,0.195711983582364,0.971954510937697,0.0664911612208397,0.0305648249822845
"3949",0.191228814598284,0.00221730376709685,0.202792573933894,0.813143599004949,0.0618824508916282,0.0380898340503279
"3950",0.247616100097681,0.00320061492491387,0.175387842414344,0.840280379679667,0.0686916964282227,0.00903678906877127
"3951",0.236903376250737,0.00818755299346256,0.183957885890104,1.03146993365415,0.0646578456681109,0.0235241811599317
"3952",0.258107037827383,0.00499475555367992,0.250906976287455,1.06730568728252,0.0582032469477476,0.0301588619586011
"3953",0.337451054283738,0.00251349958099206,0.322013891946491,0.627067949257418,0.0565228931605185,0.0276411781364551
"3954",0.264149017493504,0.00263180443493469,0.2472622438395,0.799986848107781,0.0647687276622975,0.023183820797463
"3955",0.249445233420771,0.000229053808163065,0.280377011104924,0.718965462657009,0.0583035706385167,0.0234448308213936
"3956",0.309857029896719,0.000962306616337559,0.268519177114733,0.670348302296076,0.058616256627232,0.00368187371885396
"3957",0.251393747492528,0.00237013337219758,0.249525477448698,0.857915637065699,0.0616390010044155,0.0169463905062879
"3958",0.306790223263647,0.000863908884992877,0.252034744074567,0.722944328215046,0.0618806808978793,0.035066889324561
"3959",0.355621463357198,0.00285530012706943,0.293414388128435,0.840790532500976,0.0584990874912522,-0.00711414026006715
"3960",0.301177204948366,0.00270147869125843,0.29070015693845,0.80638461043626,0.0554626378284689,0.0110890649626762
"3961",0.284479736747714,0.00222316777526962,0.272637440930067,0.999159680938787,0.0573539737581119,0.0122357950193268
"3962",0.318697263077953,0.00389767405638814,0.237604975867575,0.86685920460395,0.0587339670732195,0.0272528059312629
"3963",0.264101271119685,0.00669413493082616,0.152142625624,0.718581140386261,0.0693821094467246,0.0184169718173093
"3964",0.278267517695144,0.00458674814975109,0.15354756237203,0.856027690734199,0.069221201951807,0.0397964000472862
"3965",0.238438727944374,0.00317969442230693,0.192977530095459,0.655907782830758,0.0614365226790734,0.0256124185572183
"3966",0.188008736381193,0.000210726388446914,0.194342312391034,0.95532276143613,0.0662693570554684,0.0311597697189401
"3967",0.314051773660944,0.000490985376693294,0.217282917059961,0.783017258959198,0.0636924469661047,0.0134527987680605
"3968",0.29353471429615,0.000804724477918531,0.182089184476897,0.610431602509946,0.0665717012268054,0.0410454093718097
"3969",0.277244708240907,0.0036641232615766,0.117093868142978,0.686440107330902,0.0786476778530086,0.0191014339959225
"3970",0.272786046448178,0.00756730264079605,0.0798538279900996,0.82184520089172,0.0825503570838729,0.0261841604271194
"3971",0.252804228147955,0.000597034833339739,0.145659857848553,0.742971921313615,0.0709127225843465,0.0355229636902316
"3972",0.243398997736,0.00113048581045029,0.208770152171462,0.831170814862144,0.0633228880402128,0.0335014710058016
"3973",0.303139128751475,0.00021620172763259,0.290272929083184,0.757563355547251,0.0563291925050441,0.0395616120487147
"3974",0.205832936612703,0.0060804798563528,0.237448522888029,1.05481207145575,0.0618434493938217,0.0210385445070978
"3975",0.21105439687868,0.00415384986366972,0.246783465758466,1.11257371543764,0.0538314195569671,0.0307060154938543
"3976",0.240350177475838,0.000436179637485369,0.226788971761329,1.21907572887483,0.0621358941749701,0.0446149281240042
"3977",0.197783591563391,0.000834404997145338,0.185726333707311,0.900959905239441,0.0670382732051977,0.0269122107781638
"3978",0.289310093228911,0.000297235792225459,0.245699932311566,0.879124507776877,0.0606482519353048,0.0391634356986312
"3979",0.249132758657228,0.00936615957644875,0.173133073658792,1.15214390687839,0.0624634303819906,0.0266125773026396
"3980",0.325990726352317,0.00323322048193543,0.16695477623668,0.745027062712768,0.0698754853044329,0.034582161669087
"3981",0.269098776644753,0.0171744081354836,0.14391368114044,1.14380584899969,0.0692821197377779,0.0188779121044549
"3982",0.312133220685326,0.00611810366326336,0.180944816620552,0.722926862080698,0.0669089867090924,0.0151378495722695
"3983",0.251954106188908,0.00682920156207921,0.147280853097687,0.952114177725081,0.0709326178779755,0.0210391428270809
"3984",0.325787552133434,0.00156761301736258,0.146377676069037,0.706890853349655,0.0744936383520641,0.0374012956609576
"3985",0.300263365790465,0.0032462487394183,0.121909610731073,0.554908200541008,0.0785037556240944,0.0254621115764417
"3986",0.346292664036046,0.00577505618926265,0.148135470501203,0.906928267218831,0.0739051748246064,0.00581300335370361
"3987",0.252655876137663,0.000106433430462739,0.1794205464545,0.78769048951063,0.0697403528050713,0.0380229282967132
"3988",0.277200747359263,0.0172895529362083,0.213132024681535,1.02264241658193,0.0583992751282375,0.0314626585516059
"3989",0.254178376031826,0.00557142609188211,0.164511026954845,0.77911032434252,0.068592360919525,0.0360327595171472
"3990",0.223098923131763,0.00478090291210722,0.115134212232039,0.772468291130051,0.0765767428683038,0.0232104653244149
"3991",0.230523954991505,0.00334432301779479,0.0796026150571348,0.849489758031383,0.0870344662660684,0.0352186058978889
"3992",0.194477862711956,0.0113434636143634,0.134717889118052,1.29656068068774,0.068299886780627,0.0458374050288201
"3993",0.266630144813767,0.000809335629316783,0.186604774117393,0.593636467631535,0.0661079817915808,-0.0125351204156286
"3994",0.206891157385463,0.00128522475724265,0.141034517009423,0.91498160377059,0.0719513290179661,0.0315914517899233
"3995",0.174629808510789,0.00067342380728168,0.13628584838383,1.04954612354423,0.0728071763302,0.0353319122616567
"3996",0.248959284498214,0.000883902263299281,0.178983709059353,0.767144315672872,0.0665344249928935,0.0330582015871037
"3997",0.295112580460885,0.00300165164722455,0.205506760002243,0.762897530309005,0.0641138748514895,-0.00143044144186976
"3998",0.239157751385514,0.000126680918924398,0.253440984949671,1.16947532264369,0.0583192579558221,0.0353778691522688
"3999",0.279794326904896,0.00326812195023738,0.3047708057684,0.793603946780618,0.0500096937044188,0.0116651923150135
"4000",0.333709744313066,0.000349738719420937,0.465551860797028,0.982344255826119,0.0493730029301542,0.00834141735046654
